2	2	1	4	0	36	0	0	0	0	0	4	0	1	0	2	0	0	0	1	1	0	2	0	0	0	1	0
3	3	1	1	1	33	0	0	0	51	0	4	0	1	1	2	0	0	0	0	1	0	2	0	0	0	1	0
2	2	1	1	1	62	0	0	0	60	0	4	0	1	0	2	0	0	0	0	1	0	2	0	0	0	1	0
2	2	1	2	0	68	0	0	0	67	0	4	0	0	0	2	0	0	0	0	1	0	2	0	0	0	1	0
3	3	1	1	1	45	0	0	0	70	0	4	0	1	0	1	0	0	0	0	1	0	2	0	0	0	1	0
3	3	1	2	0	54	0	0	0	75	0	4	0	1	0	1	0	0	0	0	1	0	2	0	0	0	1	0
2	2	1	1	1	27	0	0	0	75	0	4	0	1	0	1	0	0	0	0	1	0	2	0	0	0	2	0
2	2	1	1	1	27	0	0	0	75	0	4	0	0	0	2	0	0	0	0	1	0	2	0	0	0	1	0
2	2	1	1	1	40	0	0	0	76	0	4	0	1	0	2	0	0	0	0	1	0	2	0	0	0	1	0
1	1	1	1	1	89	1	0	0	80	0	4	0	1	0	3	1	0	0	1	1	0	2	0	0	0	53	0
3	3	1	5	0	41	0	1	0	84	0	4	0	1	1	1	0	0	0	0	1	0	2	0	0	0	1	0
3	3	1	1	1	44	0	0	0	85	0	4	0	1	0	1	0	1	0	0	1	0	2	0	0	0	1	0
3	3	1	1	1	28	0	0	0	90	0	4	0	1	0	1	0	1	0	0	1	0	2	0	0	0	1	0
1	1	1	1	1	41	0	0	0	90	0	4	0	1	0	2	0	0	0	0	1	0	2	0	0	0	1	0
2	2	1	2	0	19	0	0	0	90	0	4	0	1	0	2	0	0	0	0	1	0	2	0	0	0	1	0
3	3	1	1	1	44	0	0	0	90	0	4	0	1	0	2	0	1	0	0	1	0	2	0	0	0	2	0
3	3	1	1	1	21	0	0	0	95	0	4	0	1	0	1	0	1	0	0	1	0	2	0	0	0	1	0
3	3	1	1	1	52	0	0	0	95	0	4	0	1	0	2	0	0	0	0	2	1	4	0	0	0	1	0
2	2	1	3	0	45	0	0	0	95	0	4	0	1	0	2	0	0	0	0	1	0	2	0	0	0	1	0
3	3	1	1	1	42	0	0	0	96	0	4	0	1	0	2	0	1	0	0	1	0	2	0	0	0	1	0
3	3	1	1	1	32	0	0	0	100	0	4	0	1	0	1	0	1	0	0	1	0	2	0	0	0	1	0
2	2	1	1	1	28	0	0	0	100	0	4	0	1	0	1	0	0	0	0	1	0	2	0	0	0	1	0
2	2	1	1	1	52	0	0	0	100	0	4	0	1	0	1	0	0	0	0	1	0	2	0	0	0	1	0
2	2	1	1	1	52	0	0	0	100	0	4	0	1	0	2	0	0	0	0	1	0	2	0	0	0	1	0
3	3	1	1	1	57	0	0	0	100	0	4	0	1	0	2	0	1	0	0	1	0	2	0	0	0	3	0
3	3	1	2	0	67	0	0	0	105	0	4	0	1	0	2	0	0	0	0	1	0	2	0	0	0	1	0
2	2	1	2	0	29	0	0	0	105	0	4	0	0	0	2	0	0	0	0	1	0	2	0	0	0	1	0
3	3	1	1	1	79	1	0	0	108	0	4	0	1	0	2	0	1	0	0	1	0	2	0	0	0	1	0
2	2	1	1	1	41	0	0	0	110	0	4	0	1	0	1	0	0	0	0	1	0	2	0	0	0	1	0
2	2	1	2	0	19	0	0	0	110	0	4	0	1	0	2	0	0	0	0	1	0	2	0	0	0	1	0
2	2	1	1	1	38	0	0	0	110	0	4	0	1	0	1	0	0	0	0	1	0	2	0	0	0	1	0
3	3	1	1	1	41	0	0	0	115	0	4	0	1	0	1	0	1	0	0	1	0	2	0	0	0	1	0
2	2	1	1	1	25	0	0	0	115	0	4	0	1	0	2	0	0	0	0	1	0	2	0	0	0	1	0
2	2	1	1	1	30	0	0	0	120	0	4	0	1	0	1	0	0	0	0	1	0	2	0	0	0	1	0
2	2	1	1	1	44	0	0	0	120	0	4	0	1	0	1	0	0	0	0	1	0	2	0	0	0	1	0
2	2	1	1	1	44	0	0	0	120	0	4	0	1	0	1	0	0	0	0	1	0	2	0	0	0	1	0
2	2	1	1	1	39	0	0	0	120	0	4	0	1	0	2	0	0	0	0	1	0	2	0	0	0	1	0
3	3	1	1	1	42	0	0	0	120	0	4	0	1	0	3	1	0	0	1	1	0	2	0	0	0	1	0
2	2	1	2	0	31	0	0	0	120	0	4	0	1	0	2	0	0	0	0	2	1	4	0	0	0	1	0
2	2	1	2	0	52	0	0	0	120	0	4	0	1	0	2	0	0	0	0	1	0	2	0	0	0	2	0
3	3	1	2	0	27	0	0	0	123	1	4	0	1	0	2	0	1	0	0	1	0	2	0	0	0	1	0
3	3	1	1	1	37	0	0	0	125	1	4	0	1	0	1	0	1	0	0	1	0	2	0	0	0	1	0
2	2	1	1	1	39	0	0	0	130	1	4	0	1	0	2	0	1	0	1	1	0	2	0	0	0	1	0
3	3	1	1	1	33	0	0	0	130	1	4	0	1	0	1	0	1	0	0	1	0	2	0	0	0	1	0
2	2	1	1	1	46	0	0	0	130	1	4	0	1	0	2	0	0	0	1	1	0	2	0	0	0	1	0
2	2	1	1	1	41	0	0	0	130	1	4	0	1	0	2	0	0	0	1	1	0	2	0	0	0	1	0
2	2	1	2	0	39	0	0	0	130	1	4	0	1	0	2	0	0	0	1	1	0	2	0	0	0	1	0
2	2	1	2	0	47	0	0	0	130	1	4	0	1	0	3	1	0	0	2	1	0	2	0	0	0	1	0
2	2	1	1	1	57	0	0	0	130	1	4	0	1	0	2	0	0	0	1	1	0	2	0	0	0	1	0
2	2	1	1	1	32	0	0	0	130	1	4	0	0	0	1	0	0	0	1	2	1	4	0	0	0	1	0
2	2	1	3	0	35	0	0	0	132	1	4	0	1	0	1	0	0	0	1	1	0	2	0	0	0	1	0
3	3	1	4	0	62	0	0	0	134	1	4	0	1	0	2	0	1	0	0	1	0	2	0	0	0	1	0
3	3	1	1	1	34	0	0	0	135	1	4	0	1	0	2	0	1	0	0	1	0	2	0	0	0	1	0
3	3	1	3	0	63	0	0	0	135	1	4	0	1	0	2	0	1	0	0	1	0	2	0	0	0	1	0
3	3	1	1	1	41	0	0	0	135	1	4	0	1	0	2	0	0	0	0	1	0	2	0	0	0	1	0
2	2	1	1	1	40	0	0	0	135	1	4	0	1	0	2	0	0	0	1	1	0	2	0	0	0	1	0
2	2	1	1	1	46	0	0	0	135	1	4	0	1	0	2	0	0	0	1	1	0	2	0	0	0	2	0
3	3	1	1	1	27	0	0	0	136	1	4	0	1	0	1	0	1	0	0	1	0	2	0	0	0	1	0
2	2	1	1	1	60	0	0	0	138	1	4	0	1	0	2	0	0	0	1	1	0	2	0	0	0	1	0
3	3	1	1	1	40	0	0	0	139	1	4	0	1	0	2	0	0	0	0	1	0	2	0	0	0	1	0
2	2	1	1	1	46	0	0	0	139	1	4	0	1	0	2	0	0	0	1	1	0	2	0	0	0	1	0
3	3	1	1	1	19	0	0	0	140	1	4	0	1	0	1	0	1	0	0	1	0	2	0	0	0	1	0
3	3	1	3	0	40	0	0	0	140	1	4	0	1	0	1	0	1	0	0	1	0	2	0	0	0	1	0
3	3	1	2	0	46	0	0	0	140	1	4	0	1	0	2	0	1	0	0	1	0	2	0	0	0	1	0
3	3	1	1	1	63	0	0	0	140	1	4	0	1	0	2	0	1	0	0	1	0	2	0	0	0	1	0
2	2	1	3	0	36	0	0	0	142	1	4	0	1	0	2	0	0	0	1	1	0	2	0	0	0	1	0
3	3	1	1	1	47	0	0	0	143	1	4	0	1	0	2	0	1	0	0	1	0	2	0	0	0	1	0
2	2	1	2	0	81	1	0	0	143	1	4	0	0	0	3	1	0	0	2	1	0	2	0	0	0	1	0
2	2	1	1	1	37	0	0	0	145	1	4	0	1	0	2	0	1	0	1	2	1	4	0	0	0	1	0
3	3	1	1	1	35	0	0	0	145	1	4	0	1	0	1	0	0	0	0	1	0	2	0	0	0	1	0
3	3	1	1	1	37	0	0	0	145	1	4	0	1	0	2	0	0	0	0	1	0	2	0	0	0	1	0
2	2	1	1	1	35	0	0	0	145	1	4	0	1	0	1	0	0	0	1	1	0	2	0	0	0	1	0
2	2	1	1	1	34	0	0	0	145	1	4	0	1	0	2	0	0	0	1	1	0	2	0	0	0	1	0
3	3	1	2	0	33	0	0	0	147	1	4	0	1	0	1	0	1	0	0	1	0	2	0	0	0	1	0
2	2	1	2	0	33	0	0	0	147	1	4	0	1	0	1	0	0	0	1	1	0	2	0	0	0	1	0
3	3	1	1	1	34	0	0	0	150	1	4	0	1	1	2	0	1	0	0	1	0	2	0	0	0	1	0
3	3	1	2	0	37	0	0	0	150	1	4	0	1	0	1	0	1	0	0	1	0	2	0	0	0	1	0
3	3	1	1	1	63	0	0	0	150	1	4	0	1	0	2	0	1	0	0	1	0	2	0	0	0	1	0
3	3	1	1	1	57	0	0	0	150	1	4	0	1	0	2	0	1	0	0	1	0	2	0	0	0	1	0
2	2	1	2	0	39	0	0	0	150	1	4	0	1	0	1	0	0	0	1	1	0	2	0	0	0	1	0
2	2	1	2	0	34	0	0	0	150	1	4	0	1	0	2	0	0	0	1	1	0	2	0	0	0	1	0
2	2	1	1	1	37	0	0	0	150	1	4	0	1	0	2	0	0	0	1	2	1	4	0	0	0	1	0
2	2	1	3	0	31	0	0	0	150	1	4	0	1	0	2	0	0	0	1	1	0	2	0	0	0	2	0
3	3	1	2	0	31	0	0	0	155	1	4	0	1	0	2	0	1	0	0	1	0	2	0	0	0	1	0
3	3	1	1	1	52	0	0	0	155	1	4	0	1	0	2	0	1	0	0	1	0	2	0	0	0	1	0
2	2	1	2	0	46	0	0	0	155	1	4	0	1	0	2	0	0	0	1	1	0	2	0	0	0	1	0
2	2	1	1	1	54	0	0	0	155	1	4	0	1	0	2	0	0	0	1	1	0	2	0	0	0	1	0
2	2	1	1	1	34	0	0	0	155	1	4	0	1	0	2	0	0	0	1	1	0	2	0	0	0	1	0
2	2	1	2	0	40	0	0	0	155	1	4	0	1	0	2	0	0	0	1	1	0	2	0	0	0	1	0
2	2	1	1	1	33	0	0	0	158	1	4	0	1	0	1	0	0	0	1	1	0	2	0	0	0	1	0
2	2	1	2	0	31	0	0	0	160	1	4	0	1	0	2	0	0	0	1	1	0	2	0	0	0	1	0
3	3	1	1	1	53	0	0	0	165	1	4	0	1	0	2	0	0	0	0	1	0	2	0	0	0	1	0
2	2	1	2	0	37	0	0	0	165	1	4	0	1	0	1	0	0	0	1	2	1	4	0	0	0	1	0
2	2	1	1	1	30	0	0	0	165	1	4	0	1	0	1	0	0	0	1	1	0	2	0	0	0	1	0
2	2	1	2	0	35	0	0	0	165	1	4	0	1	0	1	0	0	0	1	1	0	2	0	0	0	1	0
2	2	1	1	1	23	0	0	0	165	1	4	0	1	0	1	0	0	0	1	2	1	4	0	0	0	1	0
3	3	1	1	1	36	0	0	0	165	1	4	0	1	0	2	0	1	0	0	1	0	2	0	0	0	4	0
2	2	1	1	1	43	0	0	0	168	1	4	0	1	0	1	0	0	0	1	1	0	2	0	0	0	1	0
3	3	1	1	1	38	0	0	0	170	1	4	0	1	0	1	0	1	0	0	1	0	2	0	0	0	1	0
3	3	1	1	1	44	0	0	0	170	1	4	0	1	0	1	0	1	0	0	1	0	2	0	0	0	1	0
3	3	1	1	1	47	0	0	0	170	1	4	0	1	0	2	0	1	0	0	1	0	2	0	0	0	1	0
3	3	1	2	0	36	0	0	0	170	1	4	0	1	0	2	0	1	0	0	1	0	2	0	0	0	1	0
2	2	1	2	0	31	0	0	0	170	1	4	0	1	0	2	0	0	0	1	1	0	2	0	0	0	1	0
2	2	1	1	1	28	0	0	0	170	1	4	0	1	0	2	0	0	0	1	1	0	2	0	0	0	1	0
2	2	1	1	1	45	0	0	0	170	1	4	0	1	0	2	0	0	0	1	1	0	2	0	0	0	1	0
2	2	1	2	0	45	0	0	0	170	1	4	0	1	0	2	0	0	0	1	1	0	2	0	0	0	1	0
2	2	1	1	1	36	0	0	0	170	1	4	0	1	0	2	0	0	0	1	1	0	2	0	0	0	4	0
2	2	1	1	1	44	0	0	0	173	1	4	0	1	0	1	0	0	0	1	1	0	2	0	0	0	1	0
3	3	1	2	0	47	0	0	0	175	1	4	0	1	0	2	0	1	0	0	1	0	2	0	0	0	1	0
2	2	1	1	1	40	0	0	0	175	1	4	0	1	0	2	0	0	0	1	1	0	2	0	0	0	1	0
2	2	1	1	1	37	0	0	0	175	1	4	0	1	0	2	0	0	0	1	1	0	2	0	0	0	1	0
2	2	1	1	1	47	0	0	0	175	1	4	0	1	0	2	0	0	0	1	1	0	2	0	0	0	1	0
2	2	1	2	0	36	0	0	0	175	1	4	0	1	0	2	0	0	0	1	1	0	2	0	0	0	1	0
2	2	1	2	0	64	0	0	0	175	1	4	0	1	0	2	0	0	0	1	1	0	2	0	0	0	1	0
3	3	1	1	1	45	0	0	0	175	1	4	0	1	0	2	0	0	0	0	1	0	2	0	0	0	1	0
2	2	1	1	1	46	0	0	0	175	1	4	0	0	0	2	0	0	0	1	1	0	2	0	0	0	1	0
3	3	1	1	1	48	0	0	0	177	1	4	0	1	0	2	0	1	0	0	1	0	2	0	0	0	1	0
2	2	1	1	1	39	0	0	0	178	1	4	0	1	0	2	0	0	0	1	1	0	2	0	0	0	1	0
3	3	1	1	1	23	0	0	0	180	1	4	0	1	0	1	0	1	0	0	1	0	2	0	0	0	1	0
3	3	1	1	1	40	0	0	0	180	1	4	0	1	0	1	0	1	0	0	1	0	2	0	0	0	1	0
3	3	1	3	0	46	0	0	0	180	1	4	0	1	0	2	0	1	0	0	1	0	2	0	0	0	1	0
3	3	1	2	0	37	0	0	0	180	1	4	0	1	0	2	0	1	0	0	2	1	4	0	0	0	1	0
3	3	1	4	0	41	0	0	0	180	1	4	0	1	0	2	0	1	0	0	1	0	2	0	0	0	1	0
3	3	1	1	1	32	0	0	0	180	1	4	0	1	0	1	0	0	0	0	1	0	2	0	0	0	1	0
3	3	1	2	0	51	0	0	0	180	1	4	0	1	0	2	0	0	0	0	1	0	2	0	0	0	1	0
2	2	1	1	1	26	0	0	0	180	1	4	0	1	0	1	0	0	0	1	1	0	2	0	0	0	1	0
2	2	1	1	1	38	0	0	0	180	1	4	0	1	0	1	0	0	0	1	1	0	2	0	0	0	1	0
2	2	1	1	1	31	0	0	0	180	1	4	0	1	0	1	0	0	0	1	1	0	2	0	0	0	1	0
2	2	1	1	1	40	0	0	0	180	1	4	0	1	0	1	0	0	0	1	1	0	2	0	0	0	1	0
2	2	1	1	1	30	0	0	0	180	1	4	0	1	0	1	0	0	0	1	1	0	2	0	0	0	1	0
2	2	1	1	1	47	0	0	0	180	1	4	0	1	0	1	0	0	0	1	1	0	2	0	0	0	1	0
2	2	1	2	0	43	0	0	0	180	1	4	0	1	0	2	0	0	0	1	1	0	2	0	0	0	1	0
2	2	1	1	1	28	0	0	0	180	1	4	0	1	0	2	0	0	0	1	1	0	2	0	0	0	1	0
2	2	1	2	0	26	0	0	0	180	1	4	0	1	0	1	0	0	0	1	1	0	2	0	0	0	1	0
2	2	1	1	1	49	0	0	0	181	1	4	0	1	0	2	0	0	0	1	1	0	2	0	0	0	1	0
2	2	1	1	1	29	0	0	0	182	1	4	0	1	1	2	0	0	0	1	1	0	2	0	0	0	1	0
2	2	1	3	0	46	0	0	0	184	1	4	0	1	0	2	0	0	0	1	1	0	2	0	0	0	1	0
2	2	1	1	1	43	0	0	0	184	1	4	0	1	0	2	0	0	0	1	1	0	2	0	0	0	1	0
3	3	1	2	0	43	0	0	0	185	1	4	0	1	0	2	0	1	0	1	1	0	2	0	0	0	1	0
2	2	1	1	1	23	0	0	0	185	1	4	0	1	0	1	0	0	0	1	1	0	2	0	0	0	1	0
2	2	1	1	1	28	0	0	0	185	1	4	0	1	0	2	0	0	0	1	1	0	2	0	0	0	1	0
2	2	1	1	1	59	0	0	0	186	1	4	0	1	0	1	0	0	0	1	1	0	2	0	0	0	1	0
3	3	1	1	1	42	0	0	0	187	1	4	0	1	0	2	0	1	0	1	1	0	2	0	0	0	1	0
3	3	1	2	0	28	0	0	0	190	1	4	0	1	0	2	0	1	0	1	1	0	2	0	0	0	1	0
2	2	1	2	0	36	0	0	0	190	1	4	0	1	0	1	0	0	0	1	1	0	2	0	0	0	1	0
2	2	1	2	0	27	0	0	0	190	1	4	0	1	0	2	0	0	0	1	1	0	2	0	0	0	1	0
2	2	1	3	0	77	1	0	0	190	1	4	0	1	0	2	0	0	0	1	1	0	2	0	0	0	1	0
3	3	1	1	1	31	0	0	0	192	1	4	0	1	0	1	0	1	0	1	1	0	2	0	0	0	1	0
3	3	1	1	1	18	0	0	0	192	1	4	0	1	0	1	0	1	0	1	1	0	2	0	0	0	1	0
3	3	1	1	1	47	0	0	0	192	1	4	0	1	0	2	0	0	0	1	1	0	2	0	0	0	1	0
2	2	1	1	1	45	0	0	0	193	1	4	0	1	0	2	0	0	0	1	1	0	2	0	0	0	1	0
3	3	1	1	1	39	0	0	0	194	1	4	0	1	0	1	0	0	0	1	1	0	2	0	0	0	1	0
3	3	1	1	1	52	0	0	0	195	1	4	0	1	0	1	0	1	0	1	1	0	2	0	0	0	1	0
3	3	1	3	0	46	0	0	0	195	1	4	0	1	0	2	0	1	0	1	1	0	2	0	0	0	1	0
3	3	1	1	1	44	0	0	0	195	1	4	0	1	0	2	0	1	0	1	1	0	2	0	0	0	1	0
3	3	1	1	1	57	0	0	0	195	1	4	0	1	0	2	0	1	0	1	1	0	2	0	0	0	1	0
3	3	1	1	1	80	1	0	0	195	1	4	0	1	0	2	0	1	0	1	2	1	4	0	0	0	1	0
2	2	1	3	0	46	0	0	0	195	1	4	0	1	0	2	0	0	0	1	1	0	2	0	0	0	1	0
2	2	1	1	1	67	0	0	0	195	1	4	0	0	0	2	0	0	0	1	1	0	2	0	0	0	1	0
2	2	1	1	1	49	0	0	0	196	1	4	0	0	0	1	0	0	0	1	2	1	4	0	0	0	1	0
2	2	1	1	1	57	0	0	0	200	1	4	0	1	0	2	0	1	0	1	2	1	4	0	0	0	1	0
3	3	1	1	1	21	0	0	0	200	1	4	0	1	0	1	0	1	0	1	1	0	2	0	0	0	1	0
2	2	1	1	1	44	0	0	0	200	1	4	0	1	0	2	0	0	0	1	1	0	2	0	0	0	1	0
2	2	1	3	0	40	0	0	0	200	1	4	0	1	0	2	0	0	0	1	1	0	2	0	0	0	1	0
2	2	1	2	0	45	0	0	0	200	1	4	0	1	0	2	0	0	0	1	1	0	2	0	0	0	1	0
3	3	1	1	1	28	0	0	0	200	1	4	0	1	0	1	0	0	0	1	1	0	2	0	0	0	1	0
2	2	1	1	1	39	0	0	0	200	1	4	0	0	0	1	0	1	0	1	1	0	2	0	0	0	1	0
2	2	1	3	0	52	0	0	0	200	1	4	0	0	0	2	0	0	0	1	1	0	2	0	0	0	1	0
2	2	1	1	1	31	0	0	0	200	1	4	0	0	0	2	0	0	0	1	1	0	2	0	0	0	1	0
3	3	1	1	1	48	0	0	0	202	1	4	0	1	0	2	0	1	0	1	1	0	2	0	0	0	1	0
2	2	1	1	1	48	0	0	0	202	1	4	0	1	0	2	0	0	0	1	1	0	2	0	0	0	1	0
3	3	1	1	1	51	0	0	0	205	1	4	0	1	0	2	0	1	0	1	1	0	2	0	0	0	1	0
3	3	1	1	1	60	0	0	0	205	1	4	0	1	0	2	0	1	0	1	1	0	2	0	0	0	1	0
2	2	1	1	1	41	0	0	0	205	1	4	0	1	0	1	0	0	0	1	1	0	2	0	0	0	1	0
2	2	1	1	1	55	0	0	0	205	1	4	0	1	0	2	0	0	0	1	1	0	2	0	0	0	1	0
2	2	1	1	1	34	0	0	0	205	1	4	0	1	0	2	0	0	0	1	1	0	2	0	0	0	1	0
2	2	1	1	1	54	0	0	0	205	1	4	0	1	0	2	0	0	0	1	1	0	2	0	0	0	1	0
2	2	1	2	0	33	0	0	0	205	1	4	0	1	0	2	0	0	0	1	1	0	2	0	0	0	1	0
2	2	1	4	0	41	0	0	0	205	1	4	0	1	0	2	0	0	0	1	2	1	4	0	0	0	1	0
3	3	1	1	1	42	0	0	0	210	1	4	0	1	0	1	0	1	0	1	1	0	2	0	0	0	1	0
3	3	1	1	1	39	0	0	0	210	1	4	0	1	0	1	0	1	0	1	1	0	2	0	0	0	1	0
3	3	1	2	0	39	0	0	0	210	1	4	0	1	0	2	0	1	0	1	1	0	2	0	0	0	1	0
2	2	1	1	1	35	0	0	0	210	1	4	0	1	0	1	0	0	0	1	1	0	2	0	0	0	1	0
2	2	1	2	0	40	0	0	0	210	1	4	0	1	0	2	0	0	0	1	2	1	4	0	0	0	1	0
2	2	1	1	1	53	0	0	0	210	1	4	0	1	0	2	0	0	0	1	1	0	2	0	0	0	1	0
2	2	1	1	1	28	0	0	0	210	1	4	0	1	0	2	0	0	0	1	1	0	2	0	0	0	1	0
2	2	1	2	0	23	0	0	0	210	1	4	0	1	0	2	0	0	0	1	1	0	2	0	0	0	1	0
2	2	1	2	0	24	0	0	0	210	1	4	0	1	0	2	0	0	0	1	1	0	2	0	0	0	1	0
2	2	1	1	1	56	0	0	0	210	1	4	0	1	0	2	0	0	0	1	1	0	2	0	0	0	1	0
3	3	1	1	1	40	0	0	0	210	1	4	0	1	0	1	0	0	0	1	1	0	2	0	0	0	1	0
3	3	1	1	1	18	0	0	0	210	1	4	0	1	0	2	0	0	0	1	1	0	2	0	0	0	1	0
3	3	1	1	1	47	0	0	0	210	1	4	0	1	0	1	0	0	0	1	1	0	2	0	0	0	1	0
2	2	1	1	1	38	0	0	0	213	1	4	0	1	0	2	0	0	0	1	1	0	2	0	0	0	1	0
3	3	1	1	1	51	0	0	0	215	1	4	0	1	0	1	0	1	0	1	1	0	2	0	0	0	1	0
2	2	1	2	0	29	0	0	0	215	1	4	0	1	0	1	0	0	0	1	1	0	2	0	0	0	1	0
2	2	1	1	1	39	0	0	0	215	1	4	0	1	0	2	0	0	0	1	1	0	2	0	0	0	1	0
2	2	1	1	1	34	0	0	0	215	1	4	0	1	0	2	0	0	0	1	1	0	2	0	0	0	1	0
2	2	1	1	1	20	0	0	0	215	1	4	0	0	0	1	0	0	0	1	1	0	2	0	0	0	1	0
2	2	1	2	0	48	0	0	0	218	1	4	0	1	0	1	0	0	0	1	1	0	2	0	0	0	1	0
2	2	1	1	1	36	0	0	0	219	1	4	0	1	0	1	0	0	0	1	1	0	2	0	0	0	1	0
3	3	1	3	0	45	0	0	0	220	1	4	0	1	0	2	0	1	0	1	1	0	2	0	0	0	1	0
2	2	1	1	1	34	0	0	0	220	1	4	0	1	0	1	0	0	0	1	1	0	2	0	0	0	1	0
2	2	1	1	1	28	0	0	0	220	1	4	0	1	0	1	0	0	0	1	1	0	2	0	0	0	1	0
2	2	1	2	0	39	0	0	0	220	1	4	0	1	0	2	0	0	0	1	1	0	2	0	0	0	1	0
2	2	1	3	0	45	0	0	0	220	1	4	0	1	0	2	0	0	0	1	1	0	2	0	0	0	1	0
2	2	1	1	1	46	0	0	0	220	1	4	0	1	0	2	0	0	0	1	1	0	2	0	0	0	1	0
3	3	1	1	1	30	0	0	0	220	1	4	0	1	0	2	0	1	0	1	1	0	2	0	0	0	2	0
2	2	1	1	1	43	0	0	0	225	1	4	0	1	0	1	0	0	0	1	1	0	2	0	0	0	1	0
2	2	1	2	0	58	0	0	0	225	1	4	0	0	0	2	0	0	0	1	1	0	2	0	0	0	1	0
2	2	1	2	0	48	0	0	0	228	1	4	0	1	0	2	0	0	0	1	1	0	2	0	0	0	1	0
3	3	1	1	1	56	0	0	0	230	1	4	0	1	0	1	0	1	0	1	1	0	2	0	0	0	1	0
2	2	1	1	1	31	0	0	0	230	1	4	0	1	0	1	0	0	0	1	1	0	2	0	0	0	1	0
2	2	1	2	0	48	0	0	0	230	1	4	0	1	0	2	0	0	0	1	1	0	2	0	0	0	1	0
2	2	1	1	1	54	0	0	0	230	1	4	0	1	0	2	0	0	0	1	1	0	2	0	0	0	1	0
2	2	1	1	1	40	0	0	0	233	1	4	0	1	0	2	0	0	0	1	2	1	4	0	0	0	1	0
2	2	1	3	0	29	0	0	0	234	1	4	0	0	0	1	0	0	0	1	1	0	2	0	0	0	1	0
3	3	1	2	0	48	0	0	0	235	1	4	0	1	0	2	0	1	0	1	1	0	2	0	0	0	1	0
3	3	1	1	1	50	0	0	0	235	1	4	0	1	0	2	0	1	0	1	1	0	2	0	0	0	1	0
2	2	1	1	1	37	0	0	0	235	1	4	0	1	0	2	0	0	0	1	1	0	2	0	0	0	1	0
2	2	1	1	1	36	0	0	0	235	1	4	0	1	0	2	0	0	0	1	2	1	4	0	0	0	1	0
2	2	1	1	1	28	0	0	0	235	1	4	0	1	0	2	0	0	0	1	1	0	2	0	0	0	1	0
3	3	1	1	1	18	0	0	0	236	1	4	0	1	0	1	0	1	0	1	1	0	2	0	0	0	1	0
3	3	1	1	1	29	0	0	0	240	1	4	0	1	0	1	0	1	0	1	1	0	2	0	0	0	1	0
3	3	1	2	0	24	0	0	0	240	1	4	0	1	0	2	0	1	0	1	1	0	2	0	0	0	1	0
3	3	1	1	1	51	0	0	0	240	1	4	0	1	0	2	0	1	0	1	1	0	2	0	0	0	1	0
3	3	1	1	1	60	0	0	0	240	1	4	0	1	0	2	0	1	0	1	1	0	2	0	0	0	1	0
3	3	1	1	1	68	0	0	0	240	1	4	0	1	0	2	0	1	0	1	1	0	2	0	0	0	1	0
1	1	1	2	0	55	0	0	0	240	1	4	0	1	0	2	0	0	0	1	1	0	2	0	0	0	1	0
2	2	1	1	1	33	0	0	0	240	1	4	0	1	0	1	0	0	0	1	1	0	2	0	0	0	1	0
2	2	1	1	1	64	0	0	0	240	1	4	0	1	0	2	0	0	0	1	1	0	2	0	0	0	1	0
2	2	1	1	1	30	0	0	0	240	1	4	0	1	0	2	0	0	0	1	1	0	2	0	0	0	1	0
2	2	1	1	1	38	0	0	0	240	1	4	0	1	0	2	0	0	0	1	2	1	4	0	0	0	1	0
2	2	1	1	1	36	0	0	0	240	1	4	0	1	0	2	0	0	0	1	1	0	2	0	0	0	1	0
2	2	1	2	0	56	0	0	0	240	1	4	0	1	0	2	0	0	0	1	2	1	4	0	0	0	1	0
2	2	1	1	1	23	0	0	0	240	1	4	0	1	0	2	0	0	0	1	1	0	2	0	0	0	1	0
2	2	1	2	0	29	0	0	0	240	1	4	0	1	0	2	0	0	0	1	1	0	2	0	0	0	1	0
2	2	1	1	1	34	0	0	0	243	1	4	0	1	0	2	0	0	0	1	1	0	2	0	0	0	1	0
2	2	1	2	0	34	0	0	0	245	1	4	0	1	0	2	0	0	0	1	1	0	2	0	0	0	1	0
2	2	1	1	1	48	0	0	0	245	1	4	0	1	0	2	0	0	0	1	1	0	2	0	0	0	1	0
2	2	1	1	1	42	0	0	0	245	1	4	0	1	0	2	0	0	0	1	1	0	2	0	0	0	1	0
2	2	1	4	0	22	0	0	0	245	1	4	0	0	0	2	0	0	0	1	1	0	2	0	0	0	1	0
2	2	1	2	0	63	0	0	0	246	1	4	0	1	0	2	0	0	0	1	1	0	2	0	0	0	1	0
2	2	1	2	0	34	0	0	0	249	1	4	0	1	0	2	0	0	0	1	1	0	2	0	0	0	1	0
3	3	1	1	1	32	0	0	0	250	1	4	0	1	0	2	0	1	0	1	1	0	2	0	0	0	1	0
2	2	1	1	1	26	0	0	0	250	1	4	0	1	0	1	0	0	0	1	1	0	2	0	0	0	1	0
2	2	1	2	0	26	0	0	0	250	1	4	0	1	0	2	0	0	0	1	1	0	2	0	0	0	1	0
2	2	1	1	1	49	0	0	0	250	1	4	0	1	0	1	0	0	0	1	1	0	2	0	0	0	2	0
2	2	1	1	1	31	0	0	0	252	1	4	0	1	0	2	0	0	0	1	1	0	2	0	0	0	1	0
2	2	1	1	1	29	0	0	0	254	1	4	0	1	0	2	0	0	0	1	1	0	2	0	0	0	1	0
2	2	1	1	1	41	0	0	0	255	1	4	0	1	0	1	0	0	0	1	2	1	4	0	0	0	1	0
2	2	1	1	1	42	0	0	0	255	1	4	0	1	0	2	0	0	0	1	1	0	2	0	0	0	1	0
2	2	1	1	1	32	0	0	0	255	1	4	0	1	0	2	0	0	0	1	1	0	2	0	0	0	1	0
2	2	1	1	1	43	0	0	0	255	1	4	0	1	0	2	0	0	0	1	2	1	4	0	0	0	1	0
2	2	1	1	1	51	0	0	0	255	1	4	0	1	0	2	0	0	0	1	1	0	2	0	0	0	1	0
2	2	1	2	0	30	0	0	0	255	1	4	0	1	0	2	0	0	0	1	1	0	2	0	0	0	1	0
3	3	1	1	1	18	0	0	0	255	1	4	0	1	0	1	0	0	0	1	1	0	2	0	0	0	1	0
2	2	1	1	1	32	0	0	0	255	1	4	0	1	0	2	0	0	0	1	1	0	2	0	0	0	1	0
2	2	1	1	1	33	0	0	0	256	1	4	0	1	0	1	0	0	0	1	1	0	2	0	0	0	1	0
2	2	1	1	1	22	0	0	0	256	1	4	0	1	0	1	0	0	0	1	1	0	2	0	0	0	1	0
2	2	1	3	0	45	0	0	0	257	1	4	0	1	0	2	0	0	0	1	1	0	2	0	0	0	1	0
2	2	1	1	1	41	0	0	0	260	1	4	0	1	0	1	0	0	0	1	1	0	2	0	0	0	1	0
2	2	1	3	0	40	0	0	0	260	1	4	0	1	0	1	0	0	0	1	1	0	2	0	0	0	1	0
2	2	1	1	1	55	0	0	0	260	1	4	0	1	0	2	0	0	0	1	1	0	2	0	0	0	1	0
2	2	1	1	1	39	0	0	0	260	1	4	0	1	0	2	0	0	0	1	1	0	2	0	0	0	1	0
2	2	1	1	1	36	0	0	0	260	1	4	0	1	0	2	0	0	0	1	1	0	2	0	0	0	1	0
3	3	1	1	1	50	0	0	0	263	1	4	0	1	0	2	0	1	0	1	1	0	2	0	0	0	1	0
2	2	1	1	1	29	0	0	0	265	1	4	0	1	0	1	0	0	0	1	1	0	2	0	0	0	1	0
2	2	1	2	0	27	0	0	0	265	1	4	0	1	0	1	0	0	0	1	1	0	2	0	0	0	1	0
2	2	1	1	1	23	0	0	0	265	1	4	0	1	0	1	0	0	0	1	1	0	2	0	0	0	1	0
2	2	1	1	1	41	0	0	0	265	1	4	0	1	0	2	0	0	0	1	1	0	2	0	0	0	1	0
2	2	1	1	1	31	0	0	0	265	1	4	0	1	0	2	0	0	0	1	1	0	2	0	0	0	1	0
2	2	1	2	0	30	0	0	0	265	1	4	0	1	0	2	0	0	0	1	1	0	2	0	0	0	1	0
3	3	1	1	1	60	0	0	0	265	1	4	0	1	0	1	0	0	0	1	1	0	2	0	0	0	1	0
3	3	1	1	1	31	0	0	0	265	1	4	0	1	0	2	0	0	0	1	1	0	2	0	0	0	1	0
2	2	1	2	0	55	0	0	0	265	1	4	0	1	0	2	0	0	0	1	1	0	2	0	0	0	2	0
2	2	1	2	0	26	0	0	0	267	1	4	0	1	0	1	0	0	0	1	2	1	4	0	0	0	1	0
2	2	1	1	1	29	0	0	0	268	1	4	0	1	0	2	0	0	0	1	1	0	2	0	0	0	1	0
2	2	1	1	1	48	0	0	0	270	1	4	0	1	0	2	0	0	0	1	1	0	2	0	0	0	1	0
2	2	1	2	0	43	0	0	0	270	1	4	0	1	0	2	0	0	0	1	1	0	2	0	0	0	1	0
2	2	1	1	1	47	0	0	0	272	1	4	0	1	0	2	0	0	0	1	2	1	4	0	0	0	1	0
3	3	1	1	1	61	0	0	0	274	1	4	0	1	0	2	0	1	0	1	1	0	2	0	0	0	1	0
2	2	1	1	1	32	0	0	0	275	1	4	0	1	0	1	0	0	0	1	1	0	2	0	0	0	1	0
2	2	1	2	0	32	0	0	0	275	1	4	0	1	0	2	0	0	0	1	1	0	2	0	0	0	1	0
2	2	1	1	1	37	0	0	0	275	1	4	0	1	0	2	0	0	0	1	1	0	2	0	0	0	1	0
3	3	1	1	1	16	0	0	0	275	1	4	0	1	0	1	0	0	0	1	1	0	2	0	0	0	1	0
2	2	1	1	1	37	0	0	0	278	1	4	0	1	0	2	0	0	0	1	1	0	2	0	0	0	1	0
2	2	1	2	0	39	0	0	0	280	1	4	0	1	0	2	0	1	0	1	1	0	2	0	0	0	1	0
2	2	1	2	0	38	0	0	0	280	1	4	0	1	0	1	0	0	0	1	2	1	4	0	0	0	1	0
2	2	1	2	0	53	0	0	0	282	1	4	0	1	0	2	0	0	0	1	2	1	4	0	0	0	1	0
3	3	1	1	1	20	0	0	0	285	1	4	0	1	0	1	0	1	0	1	1	0	2	0	0	0	1	0
3	3	1	1	1	21	0	0	0	285	1	4	0	1	0	1	0	1	0	1	1	0	2	0	0	0	1	0
2	2	1	1	1	66	0	0	0	285	1	4	0	1	0	2	0	0	0	1	1	0	2	0	0	0	1	0
2	2	1	1	1	47	0	0	0	285	1	4	0	1	0	2	0	0	0	1	1	0	2	0	0	0	1	0
2	2	1	1	1	34	0	0	0	289	1	4	0	1	0	1	0	0	0	1	1	0	2	0	0	0	1	0
3	3	1	1	1	24	0	0	0	290	1	4	0	1	0	1	0	1	0	1	1	0	2	0	0	0	1	0
3	3	1	1	1	31	0	0	0	290	1	4	0	1	0	1	0	0	0	1	1	0	2	0	0	0	1	0
3	3	1	2	0	61	0	0	0	290	1	4	0	1	0	2	0	0	0	1	1	0	2	0	0	0	1	0
3	3	1	1	1	36	0	0	0	292	1	4	0	1	0	1	0	1	0	1	1	0	2	0	0	0	1	0
2	2	1	2	0	29	0	0	0	292	1	4	0	1	0	2	0	0	0	1	1	0	2	0	0	0	1	0
2	2	1	1	1	27	0	0	0	294	1	4	0	1	0	1	0	0	0	1	1	0	2	0	0	0	1	0
2	2	1	1	1	43	0	0	0	295	1	4	0	1	0	1	0	0	0	1	1	0	2	0	0	0	1	0
3	3	1	1	1	57	0	0	0	295	1	4	0	1	0	2	0	1	0	1	1	0	2	0	0	0	2	0
2	2	1	1	1	40	0	0	0	299	1	4	0	1	0	2	0	0	0	1	2	1	4	0	0	0	1	0
3	3	1	1	1	22	0	0	0	300	1	4	0	1	0	1	0	1	0	1	1	0	2	0	0	0	1	0
3	3	1	1	1	25	0	0	0	300	1	4	0	1	0	1	0	1	0	1	1	0	2	0	0	0	1	0
3	3	1	1	1	23	0	0	0	300	1	4	0	1	0	2	0	1	0	1	1	0	2	0	0	0	1	0
3	3	1	1	1	41	0	0	0	300	1	4	0	1	0	2	0	1	0	1	1	0	2	0	0	0	1	0
3	3	1	3	0	36	0	0	0	300	1	4	0	1	0	2	0	1	0	1	1	0	2	0	0	0	1	0
3	3	1	2	0	43	0	0	0	300	1	4	0	1	0	2	0	1	0	1	1	0	2	0	0	0	1	0
2	2	1	2	0	46	0	0	0	300	1	4	0	1	0	1	0	0	0	1	2	1	4	0	0	0	1	0
2	2	1	1	1	38	0	0	0	300	1	4	0	1	0	1	0	0	0	1	2	1	4	0	0	0	1	0
2	2	1	1	1	38	0	0	0	300	1	4	0	1	0	2	0	0	0	1	1	0	2	0	0	0	1	0
2	2	1	1	1	47	0	0	0	300	1	4	0	1	0	2	0	0	0	1	1	0	2	0	0	0	1	0
2	2	1	1	1	67	0	6	1	300	1	4	0	1	1	3	1	0	0	2	1	0	2	0	0	0	29	0
2	2	1	1	1	41	0	0	0	300	1	4	0	0	0	1	0	1	0	1	2	1	4	0	0	0	1	0
2	2	1	1	1	34	0	0	0	302	1	4	0	1	0	2	0	0	0	1	1	0	2	0	0	0	1	0
3	3	1	1	1	32	0	0	0	305	1	4	0	1	0	1	0	1	0	1	1	0	2	0	0	0	1	0
2	2	1	2	0	38	0	0	0	305	1	4	0	1	0	2	0	0	0	1	2	1	4	0	0	0	1	0
1	1	1	1	1	53	0	0	0	309	1	4	0	1	0	2	0	0	0	1	1	0	2	0	0	0	1	0
2	2	1	2	0	56	0	0	0	310	1	4	0	1	0	2	0	0	0	1	1	0	2	0	0	0	1	0
2	2	1	1	1	41	0	0	0	310	1	4	0	1	0	2	0	0	0	1	1	0	2	0	0	0	1	0
3	3	1	2	0	34	0	0	0	310	1	4	0	1	0	2	0	1	0	1	1	0	2	0	0	0	2	0
3	3	1	1	1	61	0	0	0	311	1	4	0	1	0	2	0	1	0	1	1	0	2	0	0	0	1	0
2	2	1	1	1	27	0	0	0	313	1	4	0	1	0	2	0	0	0	1	1	0	2	0	0	0	1	0
3	3	1	2	0	34	0	0	0	315	1	4	0	1	0	2	0	1	0	1	1	0	2	0	0	0	1	0
2	2	1	1	1	38	0	0	0	315	1	4	0	1	0	1	0	0	0	1	2	1	4	0	0	0	1	0
2	2	1	1	1	36	0	0	0	315	1	4	0	1	0	2	0	0	0	1	1	0	2	0	0	0	1	0
2	2	1	1	1	46	0	0	0	315	1	4	0	1	0	2	0	0	0	1	1	0	2	0	0	0	1	0
2	2	1	6	0	23	0	0	0	315	1	4	0	1	0	2	0	0	0	1	1	0	2	0	0	0	1	0
2	2	1	1	1	38	0	0	0	316	1	4	0	1	0	2	0	0	0	1	1	0	2	0	0	0	1	0
2	2	1	1	1	46	0	0	0	320	1	4	0	0	0	1	0	0	0	1	1	0	2	0	0	0	1	0
2	2	1	1	1	44	0	0	0	324	1	4	0	1	0	2	0	0	0	1	1	0	2	0	0	0	2	0
3	3	1	1	1	29	0	0	0	325	1	4	0	1	0	2	0	1	0	1	1	0	2	0	0	0	1	0
2	2	1	2	0	39	0	0	0	326	1	4	0	1	0	2	0	0	0	1	1	0	2	0	0	0	1	0
2	2	1	2	0	37	0	0	0	334	1	4	0	1	0	2	0	0	0	1	1	0	2	0	0	0	1	0
2	2	1	1	1	62	0	0	0	340	1	4	0	1	0	1	0	0	0	1	1	0	2	0	0	0	1	0
2	2	1	1	1	54	0	0	0	340	1	4	0	1	0	3	1	0	0	2	1	0	2	0	0	0	1	0
2	2	1	2	0	24	0	0	0	340	1	4	0	1	0	2	0	0	0	1	2	1	4	0	0	0	1	0
3	3	1	1	1	56	0	0	0	345	1	4	0	1	0	2	0	1	0	1	1	0	2	0	0	0	1	0
2	2	1	1	1	35	0	0	0	345	1	4	0	1	0	2	0	0	0	1	1	0	2	0	0	0	1	0
2	2	1	3	0	43	0	0	0	347	1	4	0	1	0	2	0	0	0	1	1	0	2	0	0	0	1	0
2	2	1	4	0	59	0	0	0	350	1	4	0	1	0	1	0	0	0	1	1	0	2	0	0	0	1	0
3	3	1	3	0	41	0	0	0	355	1	4	0	1	0	2	0	1	0	1	1	0	2	0	0	0	1	0
2	2	1	2	0	62	0	0	0	355	1	4	0	1	0	3	1	0	0	2	2	1	4	0	0	0	1	0
3	3	1	1	1	39	0	0	0	360	1	4	0	1	0	2	0	1	0	1	1	0	2	0	0	0	1	0
3	3	1	1	1	30	0	0	0	365	1	4	0	1	0	1	0	0	0	1	1	0	2	0	0	0	1	0
3	3	1	2	0	33	0	0	0	370	1	4	0	1	0	1	0	1	0	1	1	0	2	0	0	0	1	0
2	2	1	2	0	41	0	0	0	375	1	4	0	1	0	2	0	0	0	1	1	0	2	0	0	0	1	0
3	3	1	1	1	23	0	0	0	378	1	4	0	1	0	1	0	1	0	1	1	0	2	0	0	0	1	0
3	3	1	1	1	53	0	0	0	380	1	4	0	1	0	2	0	0	0	1	1	0	2	0	0	0	1	0
3	3	1	2	0	38	0	0	0	381	1	4	0	1	0	2	0	0	0	1	1	0	2	0	0	0	2	0
3	3	1	3	0	40	0	0	0	390	1	4	0	1	0	1	0	1	0	1	1	0	2	0	0	0	1	0
2	2	1	1	1	42	0	0	0	390	1	4	0	1	0	1	0	0	0	1	1	0	2	0	0	0	1	0
2	2	1	1	1	37	0	0	0	391	1	4	0	1	0	2	0	0	0	1	1	0	2	0	0	0	1	0
2	2	1	2	0	51	0	0	0	395	1	4	0	1	0	2	0	0	0	1	2	1	4	0	0	0	1	0
3	3	1	1	1	21	0	0	0	405	1	4	0	1	0	1	0	0	0	1	1	0	2	0	0	0	1	0
3	3	1	1	1	64	0	0	0	405	1	4	0	1	0	2	0	0	0	1	1	0	2	0	0	0	1	0
2	2	1	1	1	31	0	0	0	468	1	4	0	1	0	2	0	0	0	1	1	0	2	0	0	0	1	0
2	2	1	3	0	35	0	0	0	470	1	4	0	1	0	2	0	0	0	1	1	0	2	0	0	0	1	0
2	2	1	1	1	42	0	0	0	515	1	4	0	1	0	1	0	0	0	1	1	0	2	0	0	0	1	0
2	2	1	1	1	38	0	0	0	520	1	4	0	1	0	2	0	0	0	1	1	0	2	0	0	0	2	0
2	2	1	1	1	33	0	0	0	550	1	4	0	1	0	2	0	0	0	1	1	0	2	0	0	0	1	0
2	2	1	1	1	42	0	0	0	550	1	4	0	1	0	2	0	0	0	1	1	0	2	0	0	0	1	0
2	2	1	1	1	35	0	0	0	552	1	4	0	1	0	1	0	0	0	1	1	0	2	0	0	0	1	0
2	2	1	1	1	45	0	0	0	580	1	4	0	1	0	1	0	0	0	1	1	0	2	0	0	0	1	0
3	3	1	2	0	23	0	0	0	140	1	2	0	1	0	2	0	1	0	1	1	0	2	0	0	0	1	0
2	2	1	3	0	52	0	0	0	20	0	1	1	1	0	2	0	0	0	0	1	0	2	0	0	0	32	0
2	2	1	3	0	52	0	0	0	20	0	1	1	1	0	2	0	0	0	0	1	0	2	0	0	0	32	0
2	2	1	1	1	51	0	0	0	60	0	1	1	1	0	1	0	0	0	0	1	0	2	0	0	0	1	0
2	2	1	3	0	58	0	0	0	60	0	1	1	1	0	2	0	0	0	0	1	0	2	0	0	0	1	0
2	2	1	1	1	46	0	0	0	60	0	1	1	0	0	1	0	0	0	0	1	0	2	0	0	0	1	0
3	3	1	1	1	29	0	0	0	75	0	1	1	1	0	1	0	1	0	0	1	0	2	0	0	0	1	0
3	3	1	1	1	45	0	0	0	80	0	1	1	1	0	2	0	1	0	0	1	0	2	0	0	0	1	0
2	2	1	1	1	45	0	0	0	80	0	1	1	1	0	2	0	0	0	0	1	0	2	0	0	0	1	0
2	2	1	2	0	41	0	0	0	81	0	1	1	1	0	1	0	0	0	0	1	0	2	0	0	0	1	0
3	3	1	2	0	57	0	0	0	84	0	1	1	1	1	1	0	1	0	0	1	0	2	0	0	0	1	0
3	3	1	1	1	18	0	0	0	90	0	1	1	1	0	1	0	1	0	0	1	0	2	0	0	0	1	0
2	2	1	2	0	40	0	0	0	90	0	1	1	1	0	1	0	0	0	0	1	0	2	0	0	0	1	0
2	2	1	1	1	25	0	0	0	94	0	1	1	1	0	1	0	0	0	0	1	0	2	0	0	0	1	0
3	3	1	1	1	38	0	0	0	95	0	1	1	1	0	1	0	1	0	0	1	0	2	0	0	0	1	0
2	2	1	1	1	31	0	0	0	95	0	1	1	1	0	1	0	0	0	0	1	0	2	0	0	0	1	0
3	3	1	1	1	31	0	0	0	100	0	1	1	1	0	1	0	1	0	0	1	0	2	0	0	0	1	0
3	3	1	1	1	21	0	0	0	100	0	1	1	1	0	1	0	1	0	0	1	0	2	0	0	0	1	0
3	3	1	2	0	63	0	0	0	100	0	1	1	1	0	2	0	1	0	0	1	0	2	0	0	0	1	0
3	3	1	3	0	49	0	0	0	100	0	1	1	1	0	2	0	1	0	0	1	0	2	0	0	0	1	0
3	3	1	1	1	37	0	0	0	100	0	1	1	1	0	2	0	1	0	0	1	0	2	0	0	0	1	0
2	2	1	1	1	36	0	0	0	102	0	1	1	1	0	2	0	0	0	0	1	0	2	0	0	0	1	0
3	3	1	1	1	77	1	0	0	105	0	1	1	1	0	2	0	1	0	0	1	0	2	0	0	0	1	0
2	2	1	1	1	77	1	0	0	105	0	1	1	1	0	2	0	0	0	0	1	0	2	0	0	0	1	0
2	2	1	3	0	49	0	0	0	105	0	1	1	1	0	2	0	0	0	0	1	0	2	0	0	0	1	0
2	2	1	1	1	37	0	0	0	105	0	1	1	1	0	2	0	0	0	0	1	0	2	0	0	0	1	0
3	3	1	2	0	65	0	0	0	105	0	1	1	1	0	2	0	0	0	0	1	0	2	0	0	0	1	0
2	2	1	3	0	27	0	0	0	105	0	1	1	1	0	1	0	0	0	0	1	0	2	0	0	0	3	0
3	3	1	1	1	50	0	0	0	110	0	1	1	1	0	2	0	1	0	0	1	0	2	0	0	0	1	0
3	3	1	1	1	36	0	0	0	115	0	1	1	1	0	1	0	1	0	0	1	0	2	0	0	0	1	0
3	3	1	1	1	46	0	0	0	115	0	1	1	1	0	2	0	1	0	0	1	0	2	0	0	0	1	0
2	2	1	1	1	46	0	0	0	115	0	1	1	1	0	1	0	0	0	0	1	0	2	0	0	0	1	0
2	2	1	3	0	39	0	0	0	115	0	1	1	1	0	2	0	0	0	0	1	0	2	0	0	0	1	0
2	2	1	1	1	45	0	0	0	115	0	1	1	1	0	2	0	0	0	0	1	0	2	0	0	0	1	0
2	2	1	2	0	48	0	0	0	118	0	1	1	1	0	2	0	0	0	0	1	0	2	0	0	0	1	0
3	3	1	1	1	55	0	0	0	120	0	1	1	1	0	1	0	1	0	0	1	0	2	0	0	0	1	0
3	3	1	1	1	48	0	0	0	120	0	1	1	1	0	2	0	1	0	0	1	0	2	0	0	0	1	0
2	2	1	1	1	36	0	0	0	120	0	1	1	1	0	1	0	0	0	0	1	0	2	0	0	0	1	0
2	2	1	3	0	47	0	0	0	120	0	1	1	1	0	1	0	0	0	0	1	0	2	0	0	0	1	0
2	2	1	2	0	37	0	0	0	120	0	1	1	1	0	1	0	0	0	0	1	0	2	0	0	0	1	0
2	2	1	1	1	43	0	0	0	120	0	1	1	1	0	2	0	0	0	0	1	0	2	0	0	0	1	0
2	2	1	1	1	37	0	0	0	120	0	1	1	1	0	2	0	0	0	0	1	0	2	0	0	0	1	0
3	3	1	1	1	52	0	0	0	120	0	1	1	1	0	2	0	0	0	0	1	0	2	0	0	0	1	0
3	3	1	1	1	63	0	0	0	120	0	1	1	1	0	2	0	0	0	0	1	0	2	0	0	0	1	0
3	3	1	1	1	39	0	0	0	120	0	1	1	1	0	2	0	0	0	0	1	0	2	0	0	0	1	0
3	3	1	1	1	37	0	0	0	120	0	1	1	1	0	2	0	0	0	0	1	0	2	0	0	0	1	0
3	3	1	3	0	27	0	0	0	120	0	1	1	1	0	1	0	1	0	0	1	0	2	0	0	0	3	0
2	2	1	1	1	33	0	0	0	134	1	1	1	1	0	2	0	0	0	1	1	0	2	0	0	0	1	0
3	3	1	3	0	58	0	0	0	135	1	1	1	1	0	2	0	1	0	0	1	0	2	0	0	0	1	0
3	3	1	1	1	34	0	0	0	135	1	1	1	1	0	2	0	1	0	0	1	0	2	0	0	0	1	0
3	3	1	1	1	45	0	0	0	135	1	1	1	1	0	2	0	1	0	0	1	0	2	0	0	0	1	0
3	3	1	1	1	30	0	0	0	135	1	1	1	1	0	2	0	1	0	0	1	0	2	0	0	0	1	0
2	2	1	3	0	58	0	0	0	135	1	1	1	1	0	2	0	0	0	1	1	0	2	0	0	0	1	0
2	2	1	1	1	34	0	0	0	135	1	1	1	1	0	2	0	0	0	1	1	0	2	0	0	0	1	0
2	2	1	2	0	36	0	0	0	135	1	1	1	1	0	2	0	0	0	1	1	0	2	0	0	0	1	0
2	2	1	2	0	51	0	0	0	135	1	1	1	1	0	2	0	0	0	1	1	0	2	0	0	0	2	0
3	3	1	1	1	27	0	0	0	140	1	1	1	1	0	1	0	1	0	0	1	0	2	0	0	0	1	0
3	3	1	1	1	60	0	0	0	140	1	1	1	1	0	1	0	0	0	0	1	0	2	0	0	0	1	0
3	3	1	1	1	36	0	0	0	140	1	1	1	1	0	1	0	1	0	0	1	0	2	0	0	0	2	0
2	2	1	1	1	38	0	0	0	140	1	1	1	1	0	2	0	0	0	1	1	0	2	0	0	0	5	0
3	3	1	1	1	54	0	0	0	142	1	1	1	1	0	2	0	1	0	0	1	0	2	0	0	0	1	0
2	2	1	1	1	33	0	0	0	143	1	1	1	0	0	2	0	0	0	1	2	1	4	0	0	0	1	0
3	3	1	1	1	31	0	0	0	145	1	1	1	1	0	1	0	1	0	0	1	0	2	0	0	0	1	0
3	3	1	1	1	48	0	0	0	145	1	1	1	1	0	2	0	1	0	0	1	0	2	0	0	0	1	0
3	3	1	2	0	46	0	0	0	145	1	1	1	1	0	2	0	0	0	0	1	0	2	0	0	0	1	0
2	2	1	2	0	46	0	0	0	145	1	1	1	1	0	1	0	0	0	1	1	0	2	0	0	0	1	0
2	2	1	1	1	27	0	0	0	145	1	1	1	1	0	1	0	0	0	1	1	0	2	0	0	0	1	0
2	2	1	1	1	31	0	0	0	145	1	1	1	1	0	1	0	0	0	1	1	0	2	0	0	0	1	0
2	2	1	1	1	57	0	0	0	145	1	1	1	1	0	2	0	0	0	1	1	0	2	0	0	0	1	0
2	2	1	2	0	29	0	0	0	145	1	1	1	1	0	2	0	0	0	1	1	0	2	0	0	0	1	0
2	2	1	1	1	28	0	0	0	145	1	1	1	1	0	2	0	0	0	1	1	0	2	0	0	0	1	0
2	2	1	1	1	53	0	0	0	145	1	1	1	1	0	1	0	0	0	1	1	0	2	0	0	0	1	0
2	2	1	1	1	36	0	0	0	145	1	1	1	1	0	1	0	0	0	1	1	0	2	0	0	0	2	0
2	2	1	1	1	38	0	0	0	145	1	1	1	1	0	2	0	0	0	1	1	0	2	0	0	0	5	0
3	3	1	3	0	47	0	0	0	148	1	1	1	1	0	1	0	1	0	0	1	0	2	0	0	0	1	0
3	3	1	1	1	34	0	0	0	150	1	1	1	1	0	1	0	1	0	0	1	0	2	0	0	0	1	0
3	3	1	1	1	56	0	0	0	150	1	1	1	1	0	2	0	1	0	0	1	0	2	0	0	0	1	0
3	3	1	1	1	42	0	0	0	150	1	1	1	1	0	2	0	1	0	0	1	0	2	0	0	0	1	0
3	3	1	2	0	44	0	0	0	150	1	1	1	1	0	2	0	1	0	0	1	0	2	0	0	0	1	0
3	3	1	2	0	45	0	0	0	150	1	1	1	1	0	2	0	1	0	0	1	0	2	0	0	0	1	0
3	3	1	3	0	37	0	0	0	150	1	1	1	1	0	2	0	1	0	0	1	0	2	0	0	0	1	0
3	3	1	1	1	53	0	0	0	150	1	1	1	1	0	1	0	1	0	0	1	0	2	0	0	0	1	0
2	2	1	1	1	36	0	0	0	150	1	1	1	1	0	1	0	0	0	1	1	0	2	0	0	0	1	0
2	2	1	3	0	37	0	0	0	150	1	1	1	1	0	2	0	0	0	1	1	0	2	0	0	0	1	0
2	2	1	1	1	50	0	0	0	150	1	1	1	1	0	2	0	0	0	1	2	1	4	0	0	0	1	0
2	2	1	1	1	39	0	0	0	150	1	1	1	1	0	2	0	0	0	1	1	0	2	0	0	0	1	0
3	3	1	4	0	43	0	0	0	150	1	1	1	1	0	2	0	0	0	0	1	0	2	0	0	0	1	0
3	3	1	1	1	37	0	0	0	151	1	1	1	1	0	2	0	1	0	0	1	0	2	0	0	0	1	0
3	3	1	1	1	74	1	0	0	155	1	1	1	1	0	2	0	1	0	0	1	0	2	0	0	0	1	0
2	2	1	1	1	42	0	0	0	155	1	1	1	1	0	2	0	0	0	1	1	0	2	0	0	0	1	0
2	2	1	3	0	32	0	0	0	155	1	1	1	1	0	2	0	0	0	1	1	0	2	0	0	0	1	0
2	2	1	2	0	39	0	0	0	155	1	1	1	1	0	2	0	0	0	1	1	0	2	0	0	0	1	0
3	3	1	1	1	44	0	0	0	160	1	1	1	1	0	1	0	1	0	0	1	0	2	0	0	0	1	0
3	3	1	2	0	39	0	0	0	160	1	1	1	1	0	2	0	1	0	0	1	0	2	0	0	0	1	0
3	3	1	1	1	38	0	0	0	160	1	1	1	1	0	1	0	0	0	0	1	0	2	0	0	0	1	0
3	3	1	1	1	46	0	0	0	160	1	1	1	1	0	2	0	0	0	0	1	0	2	0	0	0	1	0
2	2	1	2	0	37	0	0	0	160	1	1	1	1	0	1	0	0	0	1	1	0	2	0	0	0	1	0
2	2	1	1	1	28	0	0	0	160	1	1	1	1	0	1	0	0	0	1	1	0	2	0	0	0	1	0
2	2	1	1	1	46	0	0	0	160	1	1	1	1	0	2	0	0	0	1	2	1	4	0	0	0	1	0
2	2	1	1	1	56	0	0	0	160	1	1	1	1	0	2	0	0	0	1	1	0	2	0	0	0	1	0
2	2	1	2	0	45	0	0	0	160	1	1	1	1	0	2	0	0	0	1	2	1	4	0	0	0	1	0
2	2	1	1	1	45	0	0	0	160	1	1	1	1	0	2	0	0	0	1	1	0	2	0	0	0	2	0
2	2	1	2	0	36	0	0	0	163	1	1	1	1	0	2	0	0	0	1	1	0	2	0	0	0	1	0
2	2	1	1	1	27	0	0	0	164	1	1	1	1	0	1	0	0	0	1	1	0	2	0	0	0	1	0
2	2	1	1	1	37	0	0	0	164	1	1	1	1	0	1	0	0	0	1	1	0	2	0	0	0	1	0
3	3	1	1	1	30	0	0	0	165	1	1	1	1	0	1	0	1	0	0	1	0	2	0	0	0	1	0
3	3	1	1	1	49	0	0	0	165	1	1	1	1	0	2	0	1	0	0	1	0	2	0	0	0	1	0
2	2	1	1	1	42	0	0	0	165	1	1	1	1	0	1	0	0	0	1	1	0	2	0	0	0	1	0
2	2	1	1	1	35	0	0	0	165	1	1	1	1	0	1	0	0	0	1	1	0	2	0	0	0	1	0
2	2	1	1	1	44	0	0	0	165	1	1	1	1	0	1	0	0	0	1	1	0	2	0	0	0	1	0
2	2	1	1	1	38	0	0	0	165	1	1	1	1	0	1	0	0	0	1	1	0	2	0	0	0	1	0
2	2	1	1	1	53	0	0	0	165	1	1	1	1	0	1	0	0	0	1	1	0	2	0	0	0	1	0
2	2	1	1	1	53	0	0	0	165	1	1	1	1	0	2	0	0	0	1	1	0	2	0	0	0	1	0
2	2	1	1	1	39	0	0	0	165	1	1	1	1	0	2	0	0	0	1	1	0	2	0	0	0	1	0
2	2	1	2	0	44	0	0	0	165	1	1	1	1	0	2	0	0	0	1	1	0	2	0	0	0	1	0
2	2	1	1	1	41	0	0	0	165	1	1	1	1	0	2	0	0	0	1	1	0	2	0	0	0	1	0
2	2	1	1	1	31	0	0	0	165	1	1	1	1	0	2	0	0	0	1	1	0	2	0	0	0	1	0
3	3	1	1	1	51	0	0	0	167	1	1	1	1	0	1	0	1	0	0	1	0	2	0	0	0	1	0
2	2	1	3	0	27	0	1	0	169	1	1	1	1	1	2	0	0	0	1	1	0	2	0	0	0	3	0
3	3	1	1	1	57	0	0	0	170	1	1	1	1	0	1	0	1	0	0	1	0	2	0	0	0	1	0
3	3	1	1	1	21	0	0	0	170	1	1	1	1	0	2	0	1	0	0	1	0	2	0	0	0	1	0
3	3	1	1	1	43	0	0	0	170	1	1	1	1	0	2	0	1	0	0	1	0	2	0	0	0	1	0
3	3	1	1	1	64	0	0	0	170	1	1	1	1	0	2	0	1	0	0	1	0	2	0	0	0	1	0
3	3	1	1	1	42	0	0	0	170	1	1	1	1	0	2	0	0	0	0	1	0	2	0	0	0	1	0
3	3	1	1	1	49	0	0	0	170	1	1	1	1	0	2	0	0	0	0	1	0	2	0	0	0	1	0
2	2	1	1	1	30	0	0	0	170	1	1	1	1	0	1	0	0	0	1	1	0	2	0	0	0	1	0
2	2	1	2	0	36	0	0	0	170	1	1	1	1	0	1	0	0	0	1	1	0	2	0	0	0	1	0
2	2	1	3	0	32	0	0	0	170	1	1	1	1	0	1	0	0	0	1	1	0	2	0	0	0	1	0
2	2	1	1	1	57	0	0	0	170	1	1	1	1	0	1	0	0	0	1	1	0	2	0	0	0	1	0
2	2	1	2	0	38	0	0	0	170	1	1	1	1	0	1	0	0	0	1	1	0	2	0	0	0	1	0
2	2	1	1	1	47	0	0	0	170	1	1	1	1	0	1	0	0	0	1	1	0	2	0	0	0	1	0
2	2	1	1	1	42	0	0	0	170	1	1	1	1	0	2	0	0	0	1	1	0	2	0	0	0	1	0
2	2	1	2	0	54	0	0	0	170	1	1	1	1	0	2	0	0	0	1	1	0	2	0	0	0	1	0
2	2	1	1	1	37	0	0	0	170	1	1	1	1	0	2	0	0	0	1	1	0	2	0	0	0	1	0
2	2	1	1	1	41	0	0	0	170	1	1	1	1	0	2	0	0	0	1	2	1	4	0	0	0	1	0
2	2	1	2	0	51	0	0	0	171	1	1	1	1	1	2	0	0	0	1	1	0	2	0	0	0	1	0
2	2	1	1	1	64	0	0	0	173	1	1	1	1	0	2	0	0	0	1	1	0	2	0	0	0	1	0
3	3	1	1	1	45	0	0	0	175	1	1	1	1	0	1	0	1	0	0	1	0	2	0	0	0	1	0
3	3	1	1	1	18	0	0	0	175	1	1	1	1	0	2	0	1	0	0	1	0	2	0	0	0	1	0
2	2	1	1	1	30	0	0	0	175	1	1	1	1	0	2	0	0	0	1	1	0	2	0	0	0	1	0
2	2	1	1	1	49	0	0	0	175	1	1	1	1	0	2	0	0	0	1	1	0	2	0	0	0	1	0
2	2	1	1	1	30	0	0	0	177	1	1	1	1	0	1	0	0	0	1	1	0	2	0	0	0	1	0
3	3	1	1	1	47	0	0	0	178	1	1	1	1	0	1	0	1	0	0	1	0	2	0	0	0	1	0
1	1	1	3	0	50	0	0	0	179	1	1	1	1	0	2	0	0	0	1	1	0	2	0	0	0	1	0
3	3	1	1	1	25	0	0	0	180	1	1	1	1	0	1	0	1	0	0	1	0	2	0	0	0	1	0
3	3	1	1	1	47	0	0	0	180	1	1	1	1	0	1	0	1	0	0	1	0	2	0	0	0	1	0
3	3	1	2	0	38	0	0	0	180	1	1	1	1	0	1	0	1	0	0	1	0	2	0	0	0	1	0
3	3	1	1	1	28	0	0	0	180	1	1	1	1	0	2	0	1	0	0	1	0	2	0	0	0	1	0
3	3	1	1	1	62	0	0	0	180	1	1	1	1	0	2	0	1	0	0	1	0	2	0	0	0	1	0
3	3	1	2	0	36	0	0	0	180	1	1	1	1	0	1	0	0	0	0	1	0	2	0	0	0	1	0
3	3	1	1	1	29	0	0	0	180	1	1	1	1	0	1	0	0	0	0	1	0	2	0	0	0	1	0
2	2	1	1	1	33	0	0	0	180	1	1	1	1	0	1	0	0	0	1	1	0	2	0	0	0	1	0
2	2	1	2	0	61	0	0	0	180	1	1	1	1	0	1	0	0	0	1	2	1	4	0	0	0	1	0
2	2	1	1	1	27	0	0	0	180	1	1	1	1	0	2	0	0	0	1	1	0	2	0	0	0	1	0
2	2	1	1	1	63	0	0	0	180	1	1	1	1	0	2	0	0	0	1	1	0	2	0	0	0	1	0
2	2	1	2	0	29	0	0	0	180	1	1	1	1	0	2	0	0	0	1	1	0	2	0	0	0	1	0
2	2	1	2	0	50	0	0	0	180	1	1	1	1	0	2	0	0	0	1	1	0	2	0	0	0	1	0
2	2	1	1	1	36	0	0	0	180	1	1	1	1	0	2	0	0	0	1	1	0	2	0	0	0	1	0
2	2	1	1	1	51	0	0	0	180	1	1	1	1	0	2	0	0	0	1	1	0	2	0	0	0	1	0
2	2	1	4	0	43	0	0	0	180	1	1	1	1	0	2	0	0	0	1	2	1	4	0	0	0	1	0
2	2	1	2	0	52	0	0	0	180	1	1	1	0	0	2	0	0	0	1	1	0	2	0	0	0	1	0
2	2	1	1	1	38	0	0	0	182	1	1	1	1	0	1	0	0	0	1	1	0	2	0	0	0	1	0
2	2	1	1	1	37	0	0	0	183	1	1	1	1	0	1	0	0	0	1	1	0	2	0	0	0	1	0
2	2	1	1	1	33	0	0	0	183	1	1	1	1	0	2	0	0	0	1	2	1	4	0	0	0	1	0
3	3	1	1	1	28	0	0	0	185	1	1	1	1	0	1	0	1	0	1	1	0	2	0	0	0	1	0
3	3	1	2	0	32	0	0	0	185	1	1	1	1	0	2	0	1	0	1	1	0	2	0	0	0	1	0
3	3	1	1	1	35	0	0	0	185	1	1	1	1	0	1	0	1	0	1	1	0	2	0	0	0	1	0
2	2	1	2	0	50	0	0	0	185	1	1	1	1	0	1	0	0	0	1	1	0	2	0	0	0	1	0
2	2	1	1	1	44	0	0	0	185	1	1	1	1	0	2	0	0	0	1	1	0	2	0	0	0	1	0
2	2	1	2	0	44	0	0	0	185	1	1	1	1	0	2	0	0	0	1	1	0	2	0	0	0	1	0
2	2	1	1	1	32	0	0	0	188	1	1	1	1	0	1	0	0	0	1	2	1	4	0	0	0	1	0
2	2	1	1	1	32	0	0	0	188	1	1	1	1	0	2	0	0	0	1	1	0	2	0	0	0	1	0
2	2	1	1	1	36	0	0	0	189	1	1	1	1	0	2	0	0	0	1	1	0	2	0	0	0	1	0
2	2	1	2	0	46	0	0	0	190	1	1	1	1	0	2	0	0	0	1	1	0	2	0	0	0	1	0
2	2	1	2	0	28	0	0	0	190	1	1	1	1	0	2	0	0	0	1	1	0	2	0	0	0	1	0
2	2	1	1	1	31	0	0	0	190	1	1	1	1	0	2	0	0	0	1	1	0	2	0	0	0	1	0
2	2	1	1	1	33	0	0	0	190	1	1	1	1	0	2	0	0	0	1	1	0	2	0	0	0	1	0
2	2	1	1	1	52	0	0	0	190	1	1	1	1	0	2	0	0	0	1	2	1	4	0	0	0	1	0
2	2	1	1	1	45	0	0	0	190	1	1	1	1	0	2	0	0	0	1	1	0	2	0	0	0	1	0
2	2	1	1	1	48	0	0	0	190	1	1	1	1	0	2	0	0	0	1	1	0	2	0	0	0	2	0
3	3	1	2	0	37	0	0	0	195	1	1	1	1	0	1	0	1	0	1	1	0	2	0	0	0	1	0
3	3	1	1	1	33	0	0	0	195	1	1	1	1	0	2	0	1	0	1	1	0	2	0	0	0	1	0
3	3	1	2	0	39	0	0	0	195	1	1	1	1	0	2	0	1	0	1	1	0	2	0	0	0	1	0
2	2	1	1	1	36	0	0	0	195	1	1	1	1	0	2	0	0	0	1	2	1	4	0	0	0	1	0
2	2	1	1	1	38	0	0	0	195	1	1	1	1	0	2	0	0	0	1	1	0	2	0	0	0	1	0
2	2	1	2	0	39	0	0	0	195	1	1	1	1	0	2	0	0	0	1	2	1	4	0	0	0	1	0
3	3	1	1	1	36	0	0	0	195	1	1	1	1	0	2	0	0	0	1	1	0	2	0	0	0	1	0
3	3	1	3	0	32	0	0	0	195	1	1	1	1	0	2	0	0	0	1	1	0	2	0	0	0	1	0
3	3	1	1	1	51	0	0	0	196	1	1	1	1	0	2	0	1	0	1	1	0	2	0	0	0	1	0
2	2	1	1	1	61	0	0	0	196	1	1	1	1	0	2	0	0	0	1	1	0	2	0	0	0	1	0
3	3	1	1	1	42	0	0	0	200	1	1	1	1	0	2	0	1	0	1	1	0	2	0	0	0	1	0
3	3	1	2	0	45	0	0	0	200	1	1	1	1	0	2	0	1	0	1	1	0	2	0	0	0	1	0
3	3	1	3	0	47	0	0	0	200	1	1	1	1	0	2	0	1	0	1	1	0	2	0	0	0	1	0
3	3	1	1	1	38	0	0	0	200	1	1	1	1	0	2	0	1	0	1	1	0	2	0	0	0	1	0
3	3	1	2	0	40	0	0	0	200	1	1	1	1	0	2	0	1	0	1	1	0	2	0	0	0	1	0
3	3	1	2	0	42	0	0	0	200	1	1	1	1	0	2	0	1	0	1	1	0	2	0	0	0	1	0
3	3	1	2	0	44	0	0	0	200	1	1	1	1	0	1	0	1	0	1	1	0	2	0	0	0	1	0
2	2	1	3	0	49	0	0	0	200	1	1	1	1	0	1	0	0	0	1	1	0	2	0	0	0	1	0
2	2	1	1	1	33	0	0	0	200	1	1	1	1	0	1	0	0	0	1	1	0	2	0	0	0	1	0
2	2	1	2	0	42	0	0	0	200	1	1	1	1	0	2	0	0	0	1	2	1	4	0	0	0	1	0
2	2	1	2	0	32	0	0	0	200	1	1	1	1	0	2	0	0	0	1	1	0	2	0	0	0	1	0
3	3	1	1	1	47	0	0	0	200	1	1	1	1	0	1	0	0	0	1	1	0	2	0	0	0	1	0
3	3	1	1	1	64	0	0	0	200	1	1	1	1	0	2	0	0	0	1	1	0	2	0	0	0	1	0
2	2	1	2	0	44	0	0	0	200	1	1	1	1	0	1	0	0	0	1	1	0	2	0	0	0	1	0
2	2	1	1	1	46	0	0	0	200	1	1	1	0	0	1	0	0	0	1	2	1	4	0	0	0	1	0
2	2	1	1	1	47	0	0	0	203	1	1	1	1	0	1	0	0	0	1	1	0	2	0	0	0	1	0
2	2	1	1	1	35	0	0	0	204	1	1	1	1	0	2	0	0	0	1	1	0	2	0	0	0	1	0
3	3	1	1	1	33	0	0	0	205	1	1	1	1	0	1	0	1	0	1	1	0	2	0	0	0	1	0
3	3	1	1	1	52	0	0	0	205	1	1	1	1	0	2	0	1	0	1	1	0	2	0	0	0	1	0
3	3	1	1	1	26	0	0	0	205	1	1	1	1	0	2	0	1	0	1	1	0	2	0	0	0	1	0
2	2	1	1	1	27	0	0	0	205	1	1	1	1	0	1	0	0	0	1	1	0	2	0	0	0	1	0
2	2	1	1	1	35	0	0	0	205	1	1	1	1	0	1	0	0	0	1	1	0	2	0	0	0	1	0
2	2	1	1	1	52	0	0	0	205	1	1	1	1	0	2	0	0	0	1	1	0	2	0	0	0	1	0
2	2	1	1	1	38	0	0	0	205	1	1	1	1	0	2	0	0	0	1	1	0	2	0	0	0	1	0
2	2	1	2	0	33	0	0	0	205	1	1	1	1	0	2	0	0	0	1	1	0	2	0	0	0	1	0
3	3	1	1	1	51	0	0	0	205	1	1	1	1	0	2	0	0	0	1	1	0	2	0	0	0	1	0
2	2	1	2	0	28	0	0	0	206	1	1	1	1	0	2	0	0	0	1	2	1	4	0	0	0	1	0
2	2	1	1	1	43	0	0	0	209	1	1	1	1	0	2	0	0	0	1	1	0	2	0	0	0	1	0
3	3	1	1	1	65	0	0	0	209	1	1	1	1	0	2	0	0	0	1	1	0	2	0	0	0	1	0
2	2	1	2	0	37	0	0	0	210	1	1	1	1	0	2	0	1	0	1	2	1	4	0	0	0	1	0
3	3	1	1	1	20	0	0	0	210	1	1	1	1	0	1	0	1	0	1	1	0	2	0	0	0	1	0
3	3	1	2	0	46	0	0	0	210	1	1	1	1	0	2	0	1	0	1	1	0	2	0	0	0	1	0
3	3	1	1	1	50	0	0	0	210	1	1	1	1	0	2	0	1	0	1	1	0	2	0	0	0	1	0
3	3	1	2	0	33	0	0	0	210	1	1	1	1	0	2	0	1	0	1	1	0	2	0	0	0	1	0
2	2	1	2	0	26	0	0	0	210	1	1	1	1	0	1	0	0	0	1	1	0	2	0	0	0	1	0
2	2	1	1	1	53	0	0	0	210	1	1	1	1	0	1	0	0	0	1	2	1	4	0	0	0	1	0
2	2	1	1	1	38	0	0	0	210	1	1	1	1	0	2	0	0	0	1	2	1	4	0	0	0	1	0
2	2	1	2	0	33	0	0	0	210	1	1	1	1	0	2	0	0	0	1	1	0	2	0	0	0	1	0
2	2	1	1	1	61	0	0	0	210	1	1	1	1	0	2	0	0	0	1	1	0	2	0	0	0	1	0
2	2	1	2	0	33	0	0	0	210	1	1	1	1	0	2	0	0	0	1	1	0	2	0	0	0	1	0
2	2	1	3	0	32	0	0	0	210	1	1	1	1	0	2	0	0	0	1	1	0	2	0	0	0	1	0
3	3	1	1	1	37	0	0	0	215	1	1	1	1	0	1	0	1	0	1	1	0	2	0	0	0	1	0
2	2	1	1	1	25	0	0	0	215	1	1	1	1	0	1	0	0	0	1	1	0	2	0	0	0	1	0
2	2	1	1	1	23	0	0	0	215	1	1	1	1	0	1	0	0	0	1	1	0	2	0	0	0	1	0
2	2	1	1	1	36	0	0	0	215	1	1	1	1	0	1	0	0	0	1	1	0	2	0	0	0	1	0
2	2	1	2	0	46	0	0	0	215	1	1	1	1	0	2	0	0	0	1	1	0	2	0	0	0	1	0
2	2	1	2	0	42	0	0	0	215	1	1	1	1	0	2	0	0	0	1	1	0	2	0	0	0	1	0
3	3	1	1	1	16	0	0	0	215	1	1	1	1	0	1	0	0	0	1	1	0	2	0	0	0	1	0
3	3	1	1	1	49	0	0	0	215	1	1	1	1	0	1	0	0	0	1	1	0	2	0	0	0	1	0
3	3	1	1	1	16	0	0	0	215	1	1	1	1	0	1	0	0	0	1	1	0	2	0	0	0	1	0
2	2	1	1	1	46	0	0	0	215	1	1	1	0	0	2	0	0	0	1	1	0	2	0	0	0	1	0
2	2	1	1	1	67	0	0	0	218	1	1	1	1	0	2	0	1	0	1	1	0	2	0	0	0	1	0
2	2	1	2	0	40	0	0	0	220	1	1	1	1	0	2	0	1	0	1	2	1	4	0	0	0	1	0
3	3	1	1	1	57	0	0	0	220	1	1	1	1	0	1	0	1	0	1	1	0	2	0	0	0	1	0
3	3	1	1	1	22	0	0	0	220	1	1	1	1	0	1	0	1	0	1	1	0	2	0	0	0	1	0
3	3	1	2	0	46	0	0	0	220	1	1	1	1	0	2	0	1	0	1	1	0	2	0	0	0	1	0
2	2	1	1	1	49	0	0	0	220	1	1	1	1	0	1	0	0	0	1	1	0	2	0	0	0	1	0
2	2	1	1	1	29	0	0	0	220	1	1	1	1	0	1	0	0	0	1	1	0	2	0	0	0	1	0
2	2	1	3	0	32	0	0	0	220	1	1	1	1	0	1	0	0	0	1	1	0	2	0	0	0	1	0
2	2	1	1	1	22	0	0	0	220	1	1	1	1	0	1	0	0	0	1	1	0	2	0	0	0	1	0
2	2	1	2	0	36	0	0	0	220	1	1	1	1	0	2	0	0	0	1	1	0	2	0	0	0	1	0
2	2	1	2	0	53	0	0	0	220	1	1	1	1	0	2	0	0	0	1	2	1	4	0	0	0	1	0
3	3	1	1	1	28	0	0	0	220	1	1	1	1	0	2	0	0	0	1	1	0	2	0	0	0	1	0
3	3	1	1	1	45	0	0	0	220	1	1	1	1	0	2	0	1	0	1	1	0	2	0	0	0	2	0
2	2	1	1	1	26	0	0	0	221	1	1	1	1	0	2	0	0	0	1	1	0	2	0	0	0	2	0
3	3	1	2	0	43	0	0	0	223	1	1	1	1	0	1	0	1	0	1	1	0	2	0	0	0	1	0
3	3	1	1	1	52	0	0	0	225	1	1	1	1	0	1	0	1	0	1	1	0	2	0	0	0	1	0
3	3	1	1	1	63	0	0	0	225	1	1	1	1	0	2	0	1	0	1	1	0	2	0	0	0	1	0
3	3	1	3	0	32	0	0	0	225	1	1	1	1	0	1	0	1	0	1	1	0	2	0	0	0	1	0
2	2	1	2	0	48	0	0	0	225	1	1	1	1	0	1	0	0	0	1	1	0	2	0	0	0	1	0
2	2	1	1	1	43	0	0	0	225	1	1	1	1	0	1	0	0	0	1	1	0	2	0	0	0	1	0
2	2	1	1	1	42	0	0	0	225	1	1	1	1	0	2	0	0	0	1	1	0	2	0	0	0	1	0
2	2	1	1	1	53	0	0	0	225	1	1	1	1	0	2	0	0	0	1	1	0	2	0	0	0	1	0
2	2	1	1	1	39	0	0	0	225	1	1	1	1	0	2	0	0	0	1	2	1	4	0	0	0	1	0
3	3	1	1	1	42	0	0	0	225	1	1	1	1	0	2	0	0	0	1	1	0	2	0	0	0	1	0
2	2	1	1	1	27	0	0	0	225	1	1	1	1	0	2	0	0	0	1	1	0	2	0	0	0	2	0
3	3	1	1	1	63	0	0	0	227	1	1	1	1	0	2	0	0	0	1	1	0	2	0	0	0	1	0
3	3	1	1	1	40	0	0	0	230	1	1	1	1	0	1	0	1	0	1	1	0	2	0	0	0	1	0
3	3	1	1	1	44	0	0	0	230	1	1	1	1	0	1	0	1	0	1	1	0	2	0	0	0	1	0
3	3	1	1	1	70	0	0	0	230	1	1	1	1	0	2	0	1	0	1	1	0	2	0	0	0	1	0
2	2	1	2	0	44	0	0	0	230	1	1	1	1	0	1	0	0	0	1	1	0	2	0	0	0	1	0
2	2	1	1	1	20	0	0	0	230	1	1	1	1	0	2	0	0	0	1	1	0	2	0	1	0	1	1
2	2	1	1	1	59	0	0	0	230	1	1	1	1	0	2	0	0	0	1	1	0	2	0	0	0	1	0
2	2	1	1	1	33	0	0	0	230	1	1	1	1	0	2	0	0	0	1	1	0	2	0	0	0	1	0
2	2	1	2	0	64	0	0	0	230	1	1	1	1	0	2	0	0	0	1	1	0	2	0	0	0	1	0
2	2	1	3	0	31	0	0	0	230	1	1	1	1	0	2	0	0	0	1	2	1	4	0	0	0	1	0
2	2	1	1	1	51	0	0	0	230	1	1	1	1	0	2	0	0	0	1	1	0	2	0	0	0	1	0
2	2	1	1	1	65	0	0	0	230	1	1	1	1	0	2	0	0	0	1	1	0	2	0	0	0	1	0
2	2	1	2	0	38	0	0	0	230	1	1	1	1	0	2	0	0	0	1	1	0	2	0	0	0	1	0
3	3	1	1	1	45	0	0	0	230	1	1	1	1	0	2	0	0	0	1	1	0	2	0	0	0	1	0
2	2	1	1	1	29	0	0	0	230	1	1	1	1	0	2	0	0	0	1	1	0	2	0	0	0	2	0
3	3	1	1	1	24	0	0	0	231	1	1	1	1	0	2	0	1	0	1	1	0	2	0	0	0	1	0
2	2	1	1	1	34	0	0	0	231	1	1	1	1	0	1	0	0	0	1	1	0	2	0	0	0	1	0
2	2	1	1	1	52	0	0	0	232	1	1	1	1	0	1	0	0	0	1	1	0	2	0	0	0	1	0
3	3	1	1	1	37	0	0	0	233	1	1	1	1	0	2	0	1	0	1	1	0	2	0	0	0	1	0
2	2	1	1	1	28	0	0	0	234	1	1	1	1	0	2	0	0	0	1	2	1	4	0	0	0	1	0
3	3	1	2	0	47	0	0	0	235	1	1	1	1	0	2	0	1	0	1	1	0	2	0	0	0	1	0
2	2	1	1	1	40	0	0	0	235	1	1	1	1	0	1	0	0	0	1	1	0	2	0	0	0	1	0
2	2	1	2	0	23	0	0	0	235	1	1	1	1	0	1	0	0	0	1	1	0	2	0	0	0	1	0
2	2	1	2	0	51	0	0	0	235	1	1	1	1	0	2	0	0	0	1	1	0	2	0	0	0	1	0
2	2	1	2	0	56	0	0	0	235	1	1	1	1	0	2	0	0	0	1	1	0	2	0	0	0	1	0
3	3	1	3	0	58	0	0	0	235	1	1	1	1	0	2	0	0	0	1	1	0	2	0	0	0	1	0
2	2	1	1	1	35	0	0	0	236	1	1	1	1	0	1	0	0	0	1	1	0	2	0	0	0	1	0
2	2	1	1	1	35	0	0	0	238	1	1	1	0	0	1	0	0	0	1	1	0	2	0	0	0	1	0
3	3	1	2	0	52	0	0	0	240	1	1	1	1	0	2	0	1	0	1	1	0	2	0	0	0	1	0
3	3	1	1	1	53	0	0	0	240	1	1	1	1	0	2	0	1	0	1	1	0	2	0	0	0	1	0
3	3	1	1	1	46	0	0	0	240	1	1	1	1	0	2	0	1	0	1	1	0	2	0	0	0	1	0
2	2	1	2	0	24	0	0	0	240	1	1	1	1	0	1	0	0	0	1	1	0	2	0	0	0	1	0
2	2	1	1	1	26	0	0	0	240	1	1	1	1	0	1	0	0	0	1	1	0	2	0	0	0	1	0
2	2	1	2	0	52	0	0	0	240	1	1	1	1	0	2	0	0	0	1	1	0	2	0	0	0	1	0
2	2	1	1	1	47	0	0	0	240	1	1	1	1	0	2	0	0	0	1	2	1	4	0	0	0	1	0
2	2	1	1	1	35	0	0	0	240	1	1	1	1	0	2	0	0	0	1	1	0	2	0	0	0	1	0
2	2	1	1	1	38	0	0	0	240	1	1	1	1	0	2	0	0	0	1	1	0	2	0	0	0	1	0
2	2	1	2	0	41	0	0	0	240	1	1	1	1	0	2	0	0	0	1	1	0	2	0	0	0	1	0
2	2	1	1	1	25	0	0	0	240	1	1	1	1	0	2	0	0	0	1	1	0	2	0	0	0	1	0
2	2	1	3	0	45	0	0	0	240	1	1	1	1	0	2	0	0	0	1	1	0	2	0	0	0	1	0
2	2	1	1	1	64	0	0	0	240	1	1	1	1	0	2	0	0	0	1	1	0	2	0	0	0	1	0
3	3	1	1	1	39	0	0	0	240	1	1	1	1	0	1	0	0	0	1	1	0	2	0	0	0	1	0
3	3	1	2	0	56	0	0	0	240	1	1	1	1	0	2	0	0	0	1	1	0	2	0	0	0	1	0
3	3	1	2	0	37	0	0	0	240	1	1	1	1	0	2	0	0	0	1	1	0	2	0	0	0	1	0
2	2	1	1	1	54	0	0	0	240	1	1	1	1	0	2	0	0	0	1	1	0	2	0	0	0	1	0
2	2	1	1	1	48	0	0	0	240	1	1	1	1	0	2	0	0	0	1	1	0	2	0	0	0	2	0
2	2	1	1	1	22	0	0	0	244	1	1	1	1	0	1	0	0	0	1	1	0	2	0	0	0	1	0
2	2	1	1	1	33	0	0	0	245	1	1	1	1	0	1	0	0	0	1	1	0	2	0	0	0	1	0
2	2	1	1	1	32	0	0	0	245	1	1	1	1	0	1	0	0	0	1	1	0	2	0	0	0	1	0
2	2	1	1	1	32	0	0	0	245	1	1	1	1	0	1	0	0	0	1	1	0	2	0	0	0	2	0
2	2	1	2	0	27	0	0	0	250	1	1	1	1	0	1	0	0	0	1	1	0	2	0	0	0	1	0
2	2	1	1	1	33	0	0	0	255	1	1	1	1	0	1	0	0	0	1	1	0	2	0	0	0	1	0
3	3	1	1	1	18	0	0	0	255	1	1	1	1	0	1	0	0	0	1	1	0	2	0	0	0	1	0
2	2	1	1	1	55	0	0	0	260	1	1	1	1	0	1	0	0	0	1	2	1	4	0	0	0	1	0
2	2	1	1	1	32	0	0	0	260	1	1	1	1	0	2	0	0	0	1	1	0	2	0	0	0	1	0
2	2	1	1	1	46	0	0	0	260	1	1	1	1	0	2	0	0	0	1	1	0	2	0	0	0	1	0
2	2	1	2	0	27	0	0	0	260	1	1	1	1	0	2	0	0	0	1	1	0	2	0	0	0	1	0
2	2	1	2	0	37	0	0	0	260	1	1	1	1	0	2	0	0	0	1	1	0	2	0	0	0	1	0
2	2	1	1	1	34	0	0	0	260	1	1	1	1	0	2	0	0	0	1	1	0	2	0	0	0	1	0
2	2	1	2	0	27	0	0	0	263	1	1	1	1	0	1	0	0	0	1	1	0	2	0	0	0	1	0
3	3	1	1	1	35	0	0	0	265	1	1	1	1	0	2	0	1	0	1	1	0	2	0	0	0	1	0
2	2	1	1	1	30	0	0	0	265	1	1	1	1	0	2	0	0	0	1	1	0	2	0	0	0	2	0
3	3	1	1	1	30	0	0	0	266	1	1	1	1	0	1	0	0	0	1	1	0	2	0	0	0	1	0
2	2	1	2	0	32	0	0	0	267	1	1	1	1	0	2	0	0	0	1	1	0	2	0	0	0	1	0
2	2	1	1	1	47	0	0	0	269	1	1	1	1	0	2	0	0	0	1	1	0	2	0	0	0	1	0
3	3	1	2	0	40	0	0	0	270	1	1	1	1	0	2	0	1	0	1	1	0	2	0	0	0	1	0
3	3	1	2	0	41	0	0	0	270	1	1	1	1	0	2	0	1	0	1	1	0	2	0	0	0	1	0
2	2	1	5	0	23	0	0	0	270	1	1	1	1	0	2	0	0	0	1	1	0	2	0	0	0	1	0
2	2	1	1	1	49	0	0	0	270	1	1	1	1	0	2	0	0	0	1	2	1	4	0	0	0	1	0
3	3	1	1	1	27	0	0	0	270	1	1	1	1	0	1	0	1	0	1	1	0	2	0	0	0	2	0
3	3	1	1	1	36	0	0	0	272	1	1	1	1	0	1	0	1	0	1	1	0	2	0	0	0	1	0
2	2	1	2	0	52	0	0	0	272	1	1	1	1	0	2	0	0	0	1	2	1	4	0	0	0	1	0
2	2	1	1	1	41	0	0	0	273	1	1	1	1	0	1	0	0	0	1	1	0	2	0	0	0	2	0
2	2	1	1	1	29	0	0	0	275	1	1	1	1	0	1	0	0	0	1	1	0	2	0	0	0	1	0
2	2	1	3	0	22	0	0	0	275	1	1	1	1	0	2	0	0	0	1	1	0	2	0	0	0	1	0
2	2	1	1	1	32	0	0	0	276	1	1	1	1	0	2	0	0	0	1	1	0	2	0	0	0	1	0
3	3	1	2	0	34	0	0	0	280	1	1	1	1	0	1	0	1	0	1	1	0	2	0	0	0	1	0
2	2	1	2	0	42	0	0	0	280	1	1	1	1	0	1	0	0	0	1	1	0	2	0	0	0	1	0
2	2	1	1	1	53	0	0	0	280	1	1	1	1	0	2	0	0	0	1	1	0	2	0	0	0	1	0
2	2	1	1	1	53	0	0	0	280	1	1	1	1	0	2	0	0	0	1	1	0	2	0	0	0	1	0
2	2	1	1	1	54	0	0	0	280	1	1	1	1	0	2	0	0	0	1	1	0	2	0	0	0	1	0
2	2	1	1	1	46	0	0	0	280	1	1	1	1	0	2	0	0	0	1	2	1	4	0	0	0	1	0
2	2	1	1	1	70	0	0	0	280	1	1	1	1	0	2	0	0	0	1	1	0	2	0	0	0	1	0
2	2	1	3	0	48	0	0	0	280	1	1	1	1	0	2	0	0	0	1	1	0	2	0	0	0	1	0
3	3	1	1	1	31	0	0	0	280	1	1	1	1	0	2	0	0	0	1	1	0	2	0	0	0	1	0
3	3	1	1	1	43	0	0	0	284	1	1	1	1	0	1	0	1	0	1	1	0	2	0	0	0	1	0
2	2	1	1	1	28	0	0	0	285	1	1	1	1	0	1	0	0	0	1	1	0	2	0	0	0	1	0
2	2	1	3	0	41	0	0	0	285	1	1	1	1	0	2	0	0	0	1	1	0	2	0	0	0	1	0
2	2	1	1	1	39	0	0	0	285	1	1	1	1	0	2	0	0	0	1	1	0	2	0	0	0	1	0
3	3	1	2	0	33	0	0	0	285	1	1	1	1	0	2	0	0	0	1	1	0	2	0	0	0	1	0
3	3	1	2	0	39	0	0	0	288	1	1	1	1	0	2	0	1	0	1	1	0	2	0	0	0	1	0
2	2	1	1	1	37	0	0	0	290	1	1	1	1	0	1	0	0	0	1	2	1	4	0	0	0	1	0
2	2	1	3	0	27	0	0	0	290	1	1	1	1	0	1	0	0	0	1	1	0	2	0	0	0	1	0
2	2	1	3	0	43	0	0	0	290	1	1	1	1	0	2	0	0	0	1	2	1	4	0	0	0	1	0
3	3	1	2	0	29	0	0	0	295	1	1	1	1	0	2	0	1	0	1	1	0	2	0	0	0	1	0
2	2	1	2	0	65	0	0	0	295	1	1	1	1	0	2	0	0	0	1	2	1	4	0	0	0	1	0
2	2	1	1	1	34	0	0	0	295	1	1	1	1	0	2	0	0	0	1	1	0	2	0	0	0	1	0
2	2	1	1	1	64	0	0	0	295	1	1	1	1	0	2	0	0	0	1	1	0	2	0	0	0	1	0
3	3	1	1	1	19	0	0	0	295	1	1	1	1	0	1	0	0	0	1	1	0	2	0	0	0	1	0
3	3	1	2	0	42	0	0	0	300	1	1	1	1	0	1	0	1	0	1	1	0	2	0	0	0	1	0
2	2	1	1	1	47	0	0	0	300	1	1	1	1	0	2	0	0	0	1	1	0	2	0	0	0	1	0
2	2	1	1	1	52	0	0	0	300	1	1	1	1	0	2	0	0	0	1	1	0	2	0	0	0	1	0
2	2	1	2	0	43	0	0	0	300	1	1	1	1	0	2	0	0	0	1	1	0	2	0	0	0	1	0
2	2	1	2	0	43	0	0	0	300	1	1	1	1	0	2	0	0	0	1	1	0	2	0	0	0	1	0
2	2	1	2	0	26	0	0	0	300	1	1	1	1	0	2	0	0	0	1	1	0	2	0	0	0	1	0
2	2	1	1	1	27	0	0	0	300	1	1	1	1	0	2	0	0	0	1	1	0	2	0	0	0	1	0
2	2	1	1	1	37	0	0	0	300	1	1	1	1	0	2	0	0	0	1	1	0	2	0	0	0	1	0
2	2	1	1	1	46	0	0	0	300	1	1	1	1	0	2	0	0	0	1	1	0	2	0	0	0	1	0
3	3	1	1	1	53	0	0	0	300	1	1	1	1	0	1	0	0	0	1	1	0	2	0	0	0	1	0
2	2	1	1	1	30	0	0	0	300	1	1	1	1	0	2	0	0	0	1	1	0	2	0	0	0	2	0
2	2	1	1	1	24	0	0	0	304	1	1	1	1	0	2	0	0	0	1	1	0	2	0	0	0	1	0
3	3	1	1	1	49	0	0	0	304	1	1	1	1	0	1	0	0	0	1	1	0	2	0	0	0	1	0
3	3	1	1	1	45	0	0	0	307	1	1	1	1	0	2	0	0	0	1	1	0	2	0	0	0	1	0
3	3	1	1	1	33	0	0	0	308	1	1	1	1	0	2	0	1	0	1	1	0	2	0	0	0	1	0
2	2	1	1	1	44	0	0	0	308	1	1	1	1	0	2	0	0	0	1	1	0	2	0	0	0	1	0
3	3	1	1	1	41	0	0	0	310	1	1	1	1	0	2	0	1	0	1	1	0	2	0	0	0	1	0
3	3	1	1	1	52	0	0	0	311	1	1	1	1	0	2	0	0	0	1	1	0	2	0	0	0	1	0
2	2	1	2	0	40	0	0	0	315	1	1	1	1	0	2	0	0	0	1	1	0	2	0	0	0	1	0
2	2	1	1	1	25	0	0	0	316	1	1	1	1	0	1	0	0	0	1	1	0	2	0	0	0	1	0
2	2	1	1	1	31	0	0	0	320	1	1	1	1	0	1	0	0	0	1	1	0	2	0	0	0	2	0
2	2	1	2	0	33	0	0	0	321	1	1	1	1	0	2	0	0	0	1	1	0	2	0	0	0	1	0
3	3	1	2	0	24	0	0	0	322	1	1	1	1	0	2	0	1	0	1	1	0	2	0	0	0	1	0
3	3	1	3	0	32	0	0	0	325	1	1	1	1	0	1	0	1	0	1	1	0	2	0	0	0	1	0
2	2	1	1	1	63	0	0	0	325	1	1	1	1	0	2	0	0	0	1	1	0	2	0	0	0	1	0
2	2	1	2	0	33	0	0	0	325	1	1	1	1	0	3	1	0	0	2	1	0	2	0	0	0	1	0
2	2	1	2	0	35	0	0	0	329	1	1	1	1	0	1	0	0	0	1	1	0	2	0	0	0	1	0
3	3	1	1	1	25	0	0	0	330	1	1	1	1	0	1	0	1	0	1	1	0	2	0	0	0	1	0
3	3	1	1	1	48	0	0	0	330	1	1	1	1	0	2	0	1	0	1	1	0	2	0	0	0	1	0
2	2	1	3	0	53	0	0	0	330	1	1	1	1	0	1	0	0	0	1	1	0	2	0	0	0	1	0
2	2	1	1	1	62	0	0	0	330	1	1	1	1	0	1	0	0	0	1	1	0	2	0	0	0	1	0
3	3	1	1	1	45	0	0	0	330	1	1	1	1	0	2	0	0	0	1	1	0	2	0	0	0	1	0
3	3	1	1	1	54	0	0	0	332	1	1	1	1	0	2	0	1	0	1	1	0	2	0	0	0	1	0
2	2	1	1	1	50	0	0	0	335	1	1	1	1	0	2	0	0	0	1	1	0	2	0	0	0	1	0
2	2	1	1	1	37	0	0	0	335	1	1	1	1	0	2	0	0	0	1	2	1	4	0	0	0	1	0
2	2	1	2	0	24	0	0	0	335	1	1	1	1	0	2	0	0	0	1	1	0	2	0	0	0	1	0
2	2	1	1	1	33	0	0	0	335	1	1	1	1	0	2	0	0	0	1	1	0	2	0	0	0	1	0
2	2	1	1	1	40	0	0	0	335	1	1	1	1	0	2	0	0	0	1	1	0	2	0	0	0	1	0
2	2	1	1	1	63	0	0	0	337	1	1	1	1	0	2	0	0	0	1	1	0	2	0	0	0	1	0
3	3	1	1	1	26	0	0	0	340	1	1	1	1	0	1	0	0	0	1	1	0	2	0	0	0	1	0
3	3	1	1	1	41	0	0	0	340	1	1	1	1	0	2	0	0	0	1	1	0	2	0	0	0	1	0
2	2	1	1	1	48	0	0	0	341	1	1	1	1	0	1	0	0	0	1	2	1	4	0	0	0	1	0
2	2	1	1	1	60	0	0	0	344	1	1	1	1	0	1	0	0	0	1	1	0	2	0	0	0	1	0
2	2	1	2	0	39	0	0	0	345	1	1	1	1	0	2	0	0	0	1	1	0	2	0	0	0	1	0
3	3	1	2	0	40	0	0	0	348	1	1	1	1	0	1	0	1	0	1	1	0	2	0	0	0	1	0
2	2	1	2	0	60	0	0	0	350	1	1	1	1	0	1	0	0	0	1	1	0	2	0	0	0	1	0
2	2	1	1	1	52	0	0	0	350	1	1	1	1	0	2	0	0	0	1	1	0	2	0	0	0	1	0
2	2	1	2	0	60	0	0	0	350	1	1	1	1	0	2	0	0	0	1	1	0	2	0	0	0	1	0
2	2	1	2	0	33	0	0	0	350	1	1	1	1	0	2	0	0	0	1	2	1	4	0	0	0	1	0
2	2	1	1	1	51	0	0	0	360	1	1	1	1	0	2	0	0	0	1	1	0	2	0	0	0	1	0
2	2	1	2	0	30	0	0	0	360	1	1	1	1	0	2	0	0	0	1	1	0	2	0	0	0	1	0
3	3	1	1	1	33	0	0	0	360	1	1	1	1	0	2	0	0	0	1	1	0	2	0	0	0	1	0
2	2	1	1	1	43	0	0	0	360	1	1	1	1	0	2	0	0	0	1	2	1	4	0	0	0	2	0
2	2	1	1	1	34	0	0	0	364	1	1	1	1	0	1	0	0	0	1	1	0	2	0	0	0	1	0
2	2	1	1	1	50	0	0	0	370	1	1	1	1	0	1	0	0	0	1	1	0	2	0	0	0	1	0
2	2	1	1	1	26	0	0	0	370	1	1	1	1	0	1	0	0	0	1	1	0	2	0	0	0	1	0
2	2	1	2	0	39	0	0	0	375	1	1	1	1	0	2	0	0	0	1	1	0	2	0	0	0	1	0
2	2	1	1	1	34	0	0	0	378	1	1	1	1	0	2	0	0	0	1	1	0	2	0	0	0	1	0
2	2	1	2	0	43	0	0	0	380	1	1	1	1	0	2	0	0	0	1	1	0	2	0	0	0	1	0
2	2	1	5	0	37	0	0	0	385	1	1	1	1	0	2	0	0	0	1	1	0	2	0	0	0	1	0
2	2	1	1	1	33	0	0	0	386	1	1	1	1	0	2	0	0	0	1	1	0	2	0	0	0	1	0
2	2	1	1	1	37	0	0	0	390	1	1	1	1	0	2	0	0	0	1	1	0	2	0	0	0	1	0
3	3	1	1	1	21	0	0	0	390	1	1	1	1	0	1	0	0	0	1	1	0	2	0	0	0	1	0
3	3	1	1	1	26	0	0	0	390	1	1	1	1	0	1	0	0	0	1	1	0	2	0	0	0	1	0
3	3	1	1	1	37	0	0	0	396	1	1	1	1	0	2	0	0	0	1	1	0	2	0	0	0	1	0
2	2	1	1	1	35	0	0	0	410	1	1	1	1	0	2	0	0	0	1	1	0	2	0	0	0	1	0
2	2	1	1	1	43	0	0	0	411	1	1	1	1	0	1	0	0	0	1	1	0	2	0	0	0	1	0
2	2	1	1	1	38	0	0	0	420	1	1	1	1	0	1	0	0	0	1	1	0	2	0	0	0	1	0
2	2	1	1	1	43	0	0	0	426	1	1	1	1	0	2	0	0	0	1	1	0	2	0	0	0	1	0
2	2	1	1	1	26	0	0	0	430	1	1	1	1	0	1	0	1	0	1	1	0	2	0	0	0	1	0
2	2	1	1	1	44	0	0	0	432	1	1	1	1	0	1	0	1	0	1	1	0	2	0	0	0	1	0
2	2	1	1	1	41	0	0	0	435	1	1	1	1	0	1	0	0	0	1	1	0	2	0	0	0	1	0
2	2	1	2	0	66	0	0	0	435	1	1	1	1	0	2	0	0	0	1	1	0	2	0	0	0	1	0
2	2	1	2	0	61	0	0	0	440	1	1	1	1	0	2	0	0	0	1	2	1	4	0	0	0	1	0
2	2	1	1	1	64	0	0	0	450	1	1	1	1	0	2	0	0	0	1	2	1	4	0	0	0	1	0
2	2	1	2	0	35	0	0	0	471	1	1	1	1	0	1	0	0	0	1	1	0	2	0	0	0	1	0
2	2	1	1	1	43	0	0	0	477	1	1	1	1	0	1	0	0	0	1	2	1	4	0	0	0	1	0
2	2	1	1	1	46	0	0	0	505	1	1	1	1	0	1	0	0	0	1	1	0	2	0	0	0	1	0
2	2	1	1	1	48	0	0	0	555	1	1	1	1	0	1	0	0	0	1	1	0	2	0	0	0	1	0
2	2	2	1	1	27	0	7	1	10	0	4	0	0	0	2	0	0	0	0	1	0	2	0	0	0	30	0
2	2	2	1	1	21	0	0	0	17	0	4	0	0	0	1	0	0	0	0	1	0	2	0	0	0	11	0
2	2	2	1	1	39	0	0	0	20	0	4	0	1	0	2	0	0	0	0	1	0	2	0	0	0	1	0
2	2	2	2	0	52	0	0	0	20	0	4	0	1	0	2	0	0	0	0	1	0	2	0	0	0	5	0
2	2	2	1	1	42	0	4	0	20	0	4	0	1	0	1	0	0	0	0	1	0	2	0	0	0	61	0
2	2	2	1	1	24	0	0	0	20	0	4	0	0	0	1	0	0	0	0	1	0	2	0	0	0	1	0
2	2	2	2	0	50	0	1	0	20	0	4	0	0	0	2	0	0	0	0	1	0	2	0	0	0	7	0
2	2	2	2	0	63	0	4	0	20	0	4	0	0	0	2	0	0	0	0	1	0	2	0	0	0	22	0
2	2	2	1	1	54	0	31	1	20	0	4	0	0	0	3	1	0	0	1	1	0	2	0	0	0	33	0
2	2	2	1	1	46	0	30	1	20	0	4	0	0	0	1	0	0	0	0	1	0	2	0	0	0	79	0
2	2	2	1	1	61	0	10	1	25	0	4	0	0	0	2	0	0	0	0	1	0	2	0	0	0	18	0
2	2	2	1	1	19	0	0	0	40	0	4	0	1	0	1	0	0	0	0	1	0	2	0	0	0	1	0
2	2	2	2	0	38	0	0	0	40	0	4	0	0	0	1	0	0	0	0	1	0	2	0	0	0	0	0
2	2	2	3	0	24	0	0	0	40	0	4	0	0	0	1	0	0	0	0	1	0	2	0	0	0	1	0
2	2	2	1	1	22	0	0	0	41	0	4	0	0	0	1	0	0	0	0	1	0	2	0	0	0	0	0
2	2	2	1	1	87	1	0	0	50	0	4	0	0	0	2	0	0	0	0	1	0	2	0	0	0	0	0
2	2	2	1	1	45	0	0	0	50	0	4	0	0	0	1	0	0	0	0	1	0	2	0	0	0	1	0
2	2	2	2	0	32	0	0	0	50	0	4	0	0	0	2	0	0	0	0	1	0	2	0	0	0	1	0
2	2	2	2	0	63	0	17	1	50	0	4	0	0	0	2	0	0	0	0	1	0	2	0	0	0	22	0
2	2	2	1	1	65	0	30	1	50	0	4	0	0	0	1	0	0	0	0	1	0	2	0	0	0	38	0
2	2	2	2	0	80	1	3	0	60	0	4	0	0	0	2	0	0	0	0	1	0	2	0	0	0	29	0
2	2	2	2	0	52	0	3	0	60	0	4	0	0	0	2	0	0	0	0	1	0	2	0	0	0	39	0
1	1	2	1	1	53	0	0	0	80	0	4	0	1	0	2	0	0	0	0	1	0	2	0	0	0	1	0
2	2	2	1	1	33	0	0	0	80	0	4	0	1	0	1	0	0	0	0	1	0	2	0	0	0	1	0
2	2	2	4	0	47	0	0	0	80	0	4	0	1	0	1	0	0	0	0	1	0	2	0	0	0	7	0
2	2	2	1	1	24	0	0	0	80	0	4	0	1	0	1	0	0	0	0	1	0	2	0	0	0	8	0
2	2	2	1	1	54	0	0	0	80	0	4	0	0	0	1	0	0	0	0	1	0	2	0	0	0	1	0
2	2	2	1	1	32	0	0	0	80	0	4	0	0	0	1	0	0	0	0	1	0	2	0	0	0	1	0
1	1	2	1	1	58	0	0	0	80	0	4	0	0	0	2	0	0	0	0	1	0	2	0	0	0	5	0
2	2	2	1	1	54	0	10	1	80	0	4	0	0	0	2	0	0	0	0	1	0	2	0	0	0	14	0
2	2	2	1	1	61	0	17	1	80	0	4	0	0	0	2	0	0	0	0	1	0	2	0	0	0	18	0
2	2	2	3	0	42	0	23	1	80	0	4	0	0	0	1	0	0	0	0	1	0	2	0	0	0	30	0
2	2	2	1	1	63	0	42	1	80	0	4	0	0	0	3	1	0	0	1	1	0	2	0	0	1	121	0
2	2	2	1	1	42	0	0	0	110	0	4	0	1	0	1	0	0	0	0	1	0	2	0	0	0	1	0
2	2	2	1	1	45	0	0	0	130	1	4	0	1	0	1	0	0	0	1	1	0	2	0	0	0	15	0
2	2	2	1	1	60	0	0	0	130	1	4	0	0	0	1	0	0	0	1	1	0	2	0	0	0	7	0
2	2	2	3	0	65	0	66	1	140	1	4	0	0	0	3	1	0	0	2	1	0	2	0	0	0	111	0
2	2	2	1	1	31	0	0	0	190	1	4	0	0	0	1	0	0	0	1	1	0	2	0	0	0	0	0
2	2	2	2	0	45	0	0	0	200	1	4	0	1	0	1	0	0	0	1	1	0	2	0	0	0	1	0
2	2	2	1	1	78	1	0	0	200	1	4	0	1	0	2	0	0	0	1	1	0	2	0	0	0	4	0
1	1	2	1	1	62	0	14	1	200	1	4	0	0	0	2	0	0	0	1	1	0	2	0	0	0	24	0
2	2	2	2	0	39	0	0	0	220	1	4	0	0	0	2	0	0	0	1	1	0	2	0	0	0	11	0
2	2	2	1	1	45	0	0	0	234	1	4	0	0	0	1	0	0	0	1	1	0	2	0	0	0	1	0
2	2	2	1	1	58	0	0	0	240	1	4	0	1	0	2	0	0	0	1	1	0	2	0	0	0	1	0
2	2	2	3	0	42	0	0	0	40	0	2	0	1	0	1	0	0	0	1	1	0	2	0	0	0	1	0
2	2	2	3	0	39	0	14	1	40	0	2	0	0	0	1	0	0	0	1	1	0	2	0	0	0	16	0
1	1	2	1	1	62	0	27	1	40	0	2	0	0	0	2	0	0	0	1	1	0	2	0	0	0	38	0
2	2	2	1	1	29	0	0	0	50	0	2	0	0	0	1	0	0	0	1	1	0	2	0	0	0	1	0
2	2	2	1	1	71	1	21	1	50	0	2	0	0	0	2	0	0	0	1	1	0	2	0	0	0	24	0
2	2	2	2	0	67	0	9	1	70	0	2	0	0	0	2	0	0	0	1	1	0	2	0	0	0	24	0
2	2	2	1	1	70	0	22	1	70	0	2	0	0	0	2	0	0	0	1	1	0	2	0	0	0	29	0
2	2	2	2	0	35	0	23	1	80	0	2	0	0	0	1	0	0	0	1	1	0	2	0	0	0	25	0
2	2	2	3	0	47	0	0	0	81	0	2	0	0	0	2	0	1	0	0	1	0	2	0	1	0	1	1
2	2	2	1	1	64	0	0	0	105	0	2	0	0	0	2	0	0	0	1	1	0	2	0	0	0	7	0
2	2	2	2	0	63	0	23	1	200	1	2	0	0	0	1	0	0	0	2	1	0	2	0	0	0	52	0
1	1	2	2	0	67	0	20	1	12	0	3	0	0	0	2	0	0	0	1	1	0	2	0	0	0	24	0
2	2	2	1	1	73	1	5	1	20	0	3	0	1	0	5	1	0	0	2	1	0	2	0	0	1	26	0
2	2	2	1	1	40	0	0	0	20	0	3	0	0	0	1	0	0	0	0	1	0	2	0	0	0	1	0
2	2	2	1	1	33	0	5	1	20	0	3	0	0	0	2	0	0	0	0	1	0	2	0	0	0	15	0
2	2	2	1	1	81	1	8	1	20	0	3	0	0	0	3	1	0	0	1	1	0	2	0	0	0	19	0
2	2	2	2	0	60	0	34	1	20	0	3	0	0	0	1	0	0	0	0	1	0	2	0	0	0	43	0
2	2	2	2	0	33	0	25	1	50	0	3	0	1	0	4	1	0	0	2	1	0	2	0	0	0	68	0
2	2	2	2	0	47	0	4	0	57	0	3	0	0	0	1	0	0	0	0	1	0	2	0	0	0	10	0
2	2	2	1	1	84	1	31	1	80	0	3	0	1	0	4	1	0	0	1	1	0	2	0	0	1	42	0
2	2	2	1	1	42	0	3	0	80	0	3	0	0	0	2	0	0	0	1	1	0	2	0	0	0	29	0
2	2	2	2	0	52	0	9	1	80	0	3	0	0	0	2	0	0	0	1	1	0	2	0	0	0	39	0
2	2	2	4	0	57	0	49	1	80	0	3	0	0	0	2	0	0	0	1	1	0	2	0	0	0	52	0
2	2	2	2	0	60	0	27	1	200	1	3	0	0	0	2	0	0	0	1	1	0	2	0	0	0	43	0
2	2	2	1	1	24	0	0	0	10	0	1	1	0	0	1	0	0	0	0	1	0	2	0	0	0	0	0
2	2	2	1	1	33	0	0	0	20	0	1	1	1	0	1	0	0	0	0	1	0	2	0	0	0	0	0
2	2	2	1	1	47	0	0	0	20	0	1	1	1	0	2	0	0	0	0	1	0	2	0	0	0	0	0
2	2	2	1	1	84	1	0	0	20	0	1	1	1	0	2	0	0	0	0	1	0	2	0	0	0	0	0
2	2	2	2	0	84	1	0	0	20	0	1	1	1	0	2	0	0	0	0	1	0	2	0	0	0	0	0
2	2	2	1	1	54	0	0	0	20	0	1	1	1	0	2	0	0	0	0	1	0	2	0	0	0	1	0
2	2	2	1	1	18	0	24	1	20	0	1	1	1	0	1	0	0	0	0	1	0	2	0	0	0	37	0
2	2	2	1	1	27	0	0	0	20	0	1	1	0	0	1	0	1	0	0	1	0	2	0	0	0	0	0
1	1	2	2	0	11	0	0	0	20	0	1	1	0	0	1	0	0	0	0	1	0	2	0	0	0	0	0
2	2	2	1	1	33	0	0	0	20	0	1	1	0	0	1	0	0	0	0	1	0	2	0	0	0	0	0
2	2	2	1	1	65	0	0	0	20	0	1	1	0	0	1	0	0	0	0	1	0	2	0	0	0	0	0
2	2	2	1	1	58	0	0	0	20	0	1	1	0	0	2	0	0	0	0	1	0	2	0	0	0	0	0
2	2	2	1	1	53	0	0	0	20	0	1	1	0	0	2	0	0	0	0	1	0	2	0	0	0	0	0
2	2	2	1	1	40	0	0	0	20	0	1	1	0	0	1	0	0	0	0	1	0	2	0	0	0	1	0
2	2	2	1	1	32	0	0	0	20	0	1	1	0	0	1	0	0	0	0	1	0	2	0	0	0	1	0
2	2	2	2	0	26	0	0	0	20	0	1	1	0	0	1	0	0	0	0	1	0	2	0	0	0	1	0
2	2	2	2	0	93	1	0	0	20	0	1	1	0	0	2	0	0	0	0	1	0	2	0	0	0	1	0
2	2	2	1	1	67	0	0	0	20	0	1	1	0	0	2	0	0	0	0	1	0	2	0	0	0	1	0
2	2	2	1	1	64	0	0	0	20	0	1	1	0	0	2	0	0	0	0	1	0	2	0	0	0	1	0
2	2	2	1	1	59	0	0	0	20	0	1	1	0	0	2	0	0	0	0	1	0	2	0	0	0	1	0
2	2	2	1	1	33	0	0	0	20	0	1	1	0	0	1	0	0	0	0	1	0	2	0	0	0	3	0
2	2	2	1	1	65	0	0	0	20	0	1	1	0	0	2	0	0	0	0	1	0	2	0	0	0	6	0
2	2	2	3	0	80	1	0	0	20	0	1	1	0	0	1	0	0	0	0	2	1	4	0	0	0	8	0
2	2	2	1	1	63	0	7	1	20	0	1	1	0	0	2	0	0	0	0	1	0	2	0	0	0	8	0
2	2	2	2	0	61	0	53	1	20	0	1	1	0	0	2	0	0	0	0	1	0	2	0	0	0	61	0
2	2	2	1	1	46	0	62	1	20	0	1	1	0	0	1	0	0	0	0	1	0	2	0	0	0	79	0
2	2	2	1	1	44	0	0	0	27	0	1	1	1	0	2	0	0	0	0	1	0	2	0	0	0	1	0
1	1	2	1	1	47	0	0	0	30	0	1	1	1	0	2	0	0	0	0	1	0	2	0	0	0	1	0
2	2	2	1	1	66	0	0	0	30	0	1	1	1	0	2	0	0	0	0	1	0	2	0	0	0	1	0
2	2	2	1	1	44	0	0	0	30	0	1	1	0	0	1	0	0	0	0	1	0	2	0	0	0	0	0
2	2	2	1	1	37	0	0	0	30	0	1	1	0	0	1	0	0	0	0	1	0	2	0	0	0	1	0
2	2	2	2	0	49	0	0	0	30	0	1	1	0	0	1	0	0	0	0	1	0	2	0	0	0	1	0
2	2	2	1	1	29	0	0	0	30	0	1	1	0	0	1	0	0	0	0	1	0	2	0	0	0	1	0
2	2	2	1	1	62	0	0	0	30	0	1	1	0	0	1	0	0	0	0	1	0	2	0	0	0	1	0
2	2	2	1	1	95	1	0	0	30	0	1	1	0	0	2	0	0	0	0	1	0	2	0	0	0	1	0
2	2	2	1	1	90	1	0	0	30	0	1	1	0	0	3	1	0	0	1	1	0	2	0	0	0	1	0
2	2	2	1	1	45	0	0	0	31	0	1	1	0	0	1	0	0	0	0	1	0	2	0	0	0	2	0
2	2	2	1	1	22	0	0	0	35	0	1	1	1	0	1	0	0	0	0	1	0	2	0	0	0	1	0
2	2	2	1	1	18	0	0	0	40	0	1	1	1	0	1	0	0	0	0	1	0	2	0	0	0	1	0
2	2	2	1	1	92	1	2	0	40	0	1	1	1	0	3	1	0	0	1	1	0	2	0	0	0	3	0
2	2	2	1	1	42	0	0	0	40	0	1	1	0	0	1	0	0	0	0	1	0	2	0	0	0	0	0
2	2	2	1	1	42	0	0	0	40	0	1	1	0	0	2	0	0	0	0	1	0	2	0	0	0	0	0
2	2	2	1	1	67	0	0	0	40	0	1	1	0	0	2	0	0	0	0	1	0	2	0	0	0	0	0
2	2	2	1	1	48	0	0	0	40	0	1	1	0	0	1	0	0	0	0	1	0	2	0	0	0	1	0
2	2	2	1	1	18	0	0	0	40	0	1	1	0	0	1	0	0	0	0	1	0	2	0	0	0	1	0
2	2	2	2	0	28	0	0	0	40	0	1	1	0	0	1	0	0	0	0	1	0	2	0	0	0	1	0
2	2	2	1	1	29	0	0	0	40	0	1	1	0	0	1	0	0	0	0	1	0	2	0	0	0	1	0
2	2	2	1	1	80	1	0	0	40	0	1	1	0	0	2	0	0	0	0	1	0	2	0	0	0	1	0
2	2	2	1	1	69	0	0	0	43	0	1	1	0	0	2	0	0	0	0	1	0	2	0	0	0	0	0
2	2	2	1	1	59	0	0	0	45	0	1	1	1	0	1	0	0	0	0	1	0	2	0	0	0	1	0
2	2	2	1	1	43	0	0	0	45	0	1	1	0	0	1	0	0	0	0	1	0	2	0	0	0	1	0
2	2	2	1	1	35	0	0	0	50	0	1	1	1	0	1	0	0	0	0	1	0	2	0	0	0	0	0
2	2	2	1	1	20	0	0	0	50	0	1	1	1	0	1	0	0	0	0	1	0	2	0	0	0	1	0
2	2	2	1	1	57	0	0	0	50	0	1	1	0	0	1	0	0	0	0	1	0	2	0	0	0	0	0
2	2	2	1	1	29	0	0	0	50	0	1	1	0	0	1	0	0	0	0	1	0	2	0	0	0	0	0
2	2	2	2	0	19	0	0	0	50	0	1	1	0	0	1	0	0	0	0	1	0	2	0	0	0	1	0
2	2	2	1	1	31	0	0	0	50	0	1	1	0	0	1	0	0	0	0	1	0	2	0	0	0	1	0
2	2	2	1	1	21	0	0	0	50	0	1	1	0	0	1	0	0	0	0	1	0	2	0	0	0	1	0
2	2	2	1	1	23	0	0	0	50	0	1	1	0	0	1	0	0	0	0	1	0	2	0	0	0	1	0
2	2	2	1	1	18	0	0	0	53	0	1	1	0	0	1	0	0	0	0	1	0	2	0	0	0	1	0
2	2	2	1	1	20	0	0	0	55	0	1	1	0	0	1	0	0	0	0	1	0	2	0	0	0	1	0
2	2	2	1	1	16	0	0	0	60	0	1	1	1	0	1	0	0	0	0	1	0	2	0	0	0	1	0
2	2	2	1	1	79	1	0	0	60	0	1	1	0	0	3	1	0	0	1	1	0	2	0	0	0	0	0
2	2	2	1	1	39	0	0	0	60	0	1	1	0	0	1	0	0	0	0	1	0	2	0	0	0	1	0
2	2	2	1	1	27	0	0	0	60	0	1	1	0	0	1	0	0	0	0	1	0	2	0	0	0	1	0
2	2	2	1	1	40	0	0	0	60	0	1	1	0	0	1	0	0	0	0	1	0	2	0	0	0	1	0
2	2	2	1	1	14	0	0	0	60	0	1	1	0	0	1	0	0	0	0	1	0	2	0	0	0	1	0
2	2	2	1	1	29	0	0	0	60	0	1	1	0	0	1	0	0	0	0	1	0	2	0	0	0	1	0
1	1	2	1	1	47	0	0	0	63	0	1	1	0	0	1	0	0	0	0	1	0	2	0	0	0	0	0
2	2	2	1	1	35	0	0	0	64	0	1	1	0	0	1	0	0	0	0	1	0	2	0	0	0	1	0
2	2	2	2	0	29	0	0	0	70	0	1	1	1	0	1	0	0	0	0	1	0	2	0	0	0	1	0
2	2	2	1	1	77	1	0	0	70	0	1	1	1	0	2	0	0	0	0	1	0	2	0	0	0	1	0
2	2	2	1	1	30	0	0	0	70	0	1	1	0	0	1	0	0	0	0	1	0	2	0	0	0	0	0
2	2	2	1	1	19	0	0	0	70	0	1	1	0	0	1	0	0	0	0	1	0	2	0	0	0	0	0
2	2	2	4	0	24	0	0	0	70	0	1	1	0	0	1	0	0	0	0	1	0	2	0	0	0	0	0
2	2	2	1	1	67	0	0	0	70	0	1	1	0	0	2	0	0	0	0	1	0	2	0	0	0	0	0
2	2	2	1	1	42	0	0	0	70	0	1	1	0	0	1	0	0	0	0	1	0	2	0	0	0	1	0
2	2	2	1	1	23	0	0	0	70	0	1	1	0	0	1	0	0	0	0	1	0	2	0	0	0	1	0
2	2	2	1	1	34	0	0	0	70	0	1	1	0	0	1	0	0	0	0	1	0	2	0	0	0	1	0
2	2	2	1	1	44	0	0	0	70	0	1	1	0	0	2	0	0	0	0	1	0	2	0	0	0	1	0
2	2	2	1	1	22	0	0	0	75	0	1	1	0	0	1	0	0	0	0	1	0	2	0	0	0	1	0
2	2	2	1	1	21	0	0	0	75	0	1	1	0	0	2	0	0	0	0	1	0	2	0	0	0	1	0
2	2	2	1	1	26	0	0	0	78	0	1	1	0	0	1	0	1	0	0	1	0	2	0	0	0	1	0
2	2	2	1	1	14	0	0	0	78	0	1	1	0	0	1	0	0	0	0	1	0	2	0	0	0	1	0
2	2	2	1	1	34	0	0	0	79	0	1	1	0	0	1	0	0	0	0	1	0	2	0	0	0	1	0
2	2	2	1	1	25	0	0	0	80	0	1	1	1	0	1	0	0	0	0	1	0	2	0	0	0	0	0
2	2	2	3	0	13	0	0	0	80	0	1	1	1	0	1	0	0	0	0	1	0	2	0	0	0	0	0
2	2	2	1	1	17	0	0	0	80	0	1	1	1	0	1	0	0	0	0	1	0	2	0	0	0	0	0
2	2	2	2	0	67	0	0	0	80	0	1	1	1	0	2	0	0	0	0	1	0	2	0	0	0	0	0
1	1	2	2	0	53	0	0	0	80	0	1	1	1	0	2	0	0	0	0	1	0	2	0	0	0	1	0
2	2	2	1	1	17	0	0	0	80	0	1	1	1	0	1	0	0	0	0	1	0	2	0	0	0	1	0
2	2	2	1	1	38	0	0	0	80	0	1	1	1	0	1	0	0	0	0	1	0	2	0	0	0	1	0
2	2	2	1	1	17	0	0	0	80	0	1	1	1	0	1	0	0	0	0	1	0	2	0	0	0	1	0
2	2	2	1	1	45	0	0	0	80	0	1	1	1	0	1	0	0	0	0	1	0	2	0	0	0	1	0
2	2	2	2	0	38	0	0	0	80	0	1	1	1	0	1	0	0	0	0	1	0	2	0	0	0	1	0
2	2	2	2	0	41	0	0	0	80	0	1	1	1	0	1	0	0	0	0	1	0	2	0	0	0	1	0
2	2	2	1	1	58	0	0	0	80	0	1	1	1	0	2	0	0	0	0	1	0	2	0	0	0	1	0
3	3	2	1	1	39	0	0	0	80	0	1	1	1	0	1	0	0	0	0	1	0	2	0	0	0	1	0
2	2	2	1	1	18	0	14	1	80	0	1	1	1	0	2	0	0	0	0	1	0	2	0	0	0	37	0
2	2	2	1	1	44	0	0	0	80	0	1	1	0	0	1	0	0	0	0	1	0	2	0	0	0	0	0
2	2	2	1	1	51	0	0	0	80	0	1	1	0	0	1	0	0	0	0	1	0	2	0	0	0	0	0
2	2	2	1	1	23	0	0	0	80	0	1	1	0	0	1	0	0	0	0	1	0	2	0	0	0	0	0
2	2	2	1	1	32	0	0	0	80	0	1	1	0	0	1	0	0	0	0	1	0	2	0	0	0	0	0
2	2	2	1	1	69	0	0	0	80	0	1	1	0	0	1	0	0	0	0	1	0	2	0	0	0	0	0
2	2	2	1	1	30	0	0	0	80	0	1	1	0	0	1	0	0	0	0	1	0	2	0	0	0	0	0
2	2	2	1	1	64	0	0	0	80	0	1	1	0	0	1	0	0	0	0	1	0	2	0	0	0	0	0
2	2	2	1	1	72	1	0	0	80	0	1	1	0	0	2	0	0	0	0	1	0	2	0	0	0	0	0
2	2	2	1	1	54	0	0	0	80	0	1	1	0	0	2	0	0	0	0	1	0	2	0	0	0	0	0
2	2	2	1	1	66	0	0	0	80	0	1	1	0	0	2	0	0	0	0	1	0	2	0	0	0	0	0
2	2	2	2	0	45	0	0	0	80	0	1	1	0	0	2	0	0	0	0	1	0	2	0	0	0	0	0
2	2	2	1	1	67	0	0	0	80	0	1	1	0	0	2	0	0	0	0	1	0	2	0	0	0	0	0
2	2	2	1	1	83	1	0	0	80	0	1	1	0	0	3	1	0	0	1	1	0	2	0	0	0	0	0
2	2	2	3	0	94	1	0	0	80	0	1	1	0	0	3	1	0	0	1	1	0	2	0	0	0	0	0
1	1	2	1	1	60	0	0	0	80	0	1	1	0	0	1	0	1	0	0	1	0	2	0	0	0	1	0
2	2	2	1	1	34	0	0	0	80	0	1	1	0	0	1	0	1	0	0	1	0	2	0	0	0	1	0
1	1	2	1	1	23	0	0	0	80	0	1	1	0	0	1	0	0	0	0	1	0	2	0	0	0	1	0
2	2	2	1	1	24	0	0	0	80	0	1	1	0	0	1	0	0	0	0	1	0	2	0	0	0	1	0
2	2	2	1	1	57	0	0	0	80	0	1	1	0	0	1	0	0	0	0	1	0	2	0	0	0	1	0
2	2	2	1	1	77	1	0	0	80	0	1	1	0	0	1	0	0	0	0	1	0	2	0	0	0	1	0
2	2	2	1	1	28	0	0	0	80	0	1	1	0	0	1	0	0	0	0	1	0	2	0	0	0	1	0
2	2	2	2	0	24	0	0	0	80	0	1	1	0	0	1	0	0	0	0	1	0	2	0	0	0	1	0
2	2	2	1	1	46	0	0	0	80	0	1	1	0	0	1	0	0	0	0	1	0	2	0	0	0	1	0
2	2	2	1	1	33	0	0	0	80	0	1	1	0	0	1	0	0	0	0	1	0	2	0	0	0	1	0
2	2	2	1	1	20	0	0	0	80	0	1	1	0	0	1	0	0	0	0	1	0	2	0	0	0	1	0
2	2	2	1	1	39	0	0	0	80	0	1	1	0	0	1	0	0	0	0	1	0	2	0	0	0	1	0
2	2	2	1	1	34	0	0	0	80	0	1	1	0	0	1	0	0	0	0	1	0	2	0	0	0	1	0
2	2	2	1	1	26	0	0	0	80	0	1	1	0	0	1	0	0	0	0	1	0	2	0	0	0	1	0
2	2	2	1	1	37	0	0	0	80	0	1	1	0	0	1	0	0	0	0	1	0	2	0	0	0	1	0
2	2	2	1	1	54	0	0	0	80	0	1	1	0	0	1	0	0	0	0	1	0	2	0	0	0	1	0
2	2	2	1	1	39	0	0	0	80	0	1	1	0	0	1	0	0	0	0	1	0	2	0	0	0	1	0
2	2	2	1	1	30	0	0	0	80	0	1	1	0	0	1	0	0	0	0	1	0	2	0	0	0	1	0
2	2	2	3	0	46	0	0	0	80	0	1	1	0	0	1	0	0	0	0	1	0	2	0	0	0	1	0
2	2	2	1	1	71	1	0	0	80	0	1	1	0	0	1	0	0	0	0	1	0	2	0	0	0	1	0
2	2	2	1	1	21	0	0	0	80	0	1	1	0	0	2	0	0	0	0	1	0	2	0	0	0	1	0
2	2	2	1	1	62	0	0	0	80	0	1	1	0	0	2	0	0	0	0	1	0	2	0	0	0	1	0
2	2	2	1	1	70	0	0	0	80	0	1	1	0	0	2	0	0	0	0	1	0	2	0	0	0	1	0
3	3	2	1	1	36	0	0	0	80	0	1	1	0	0	1	0	0	0	0	1	0	2	0	0	0	1	0
2	2	2	1	1	35	0	0	0	80	0	1	1	0	0	1	0	0	0	0	1	0	2	0	0	0	2	0
2	2	2	1	1	65	0	16	1	80	0	1	1	0	0	3	1	0	0	1	1	0	2	0	0	0	38	0
2	2	2	1	1	39	0	85	1	80	0	1	1	0	0	1	0	0	0	0	1	0	2	0	0	0	94	0
2	2	2	1	1	47	0	0	0	86	0	1	1	0	0	1	0	0	0	0	1	0	2	0	0	0	0	0
2	2	2	1	1	13	0	0	0	90	0	1	1	1	0	1	0	0	0	0	1	0	2	0	0	0	1	0
2	2	2	2	0	25	0	0	0	90	0	1	1	1	0	1	0	0	0	0	1	0	2	0	0	0	1	0
2	2	2	1	1	78	1	0	0	90	0	1	1	0	0	2	0	0	0	0	1	0	2	0	0	0	0	0
2	2	2	1	1	46	0	0	0	90	0	1	1	0	0	1	0	0	0	0	1	0	2	0	0	0	1	0
2	2	2	1	1	21	0	0	0	90	0	1	1	0	0	1	0	0	0	0	1	0	2	0	0	0	1	0
2	2	2	1	1	46	0	0	0	90	0	1	1	0	0	2	0	0	0	0	1	0	2	0	0	0	1	0
2	2	2	1	1	41	0	0	0	91	0	1	1	0	0	1	0	0	0	0	1	0	2	0	0	0	1	0
2	2	2	1	1	39	0	0	0	95	0	1	1	1	0	1	0	0	0	0	1	0	2	0	0	0	1	0
2	2	2	1	1	65	0	0	0	100	0	1	1	1	0	2	0	0	0	0	1	0	2	0	0	0	0	0
2	2	2	1	1	18	0	0	0	100	0	1	1	1	0	1	0	0	0	0	1	0	2	0	0	0	1	0
2	2	2	1	1	20	0	0	0	100	0	1	1	1	0	1	0	0	0	0	1	0	2	0	0	0	1	0
2	2	2	1	1	16	0	0	0	100	0	1	1	1	0	1	0	0	0	0	1	0	2	0	0	0	1	0
2	2	2	2	0	22	0	2	0	100	0	1	1	1	0	1	0	0	0	0	1	0	2	0	0	0	8	0
2	2	2	2	0	29	0	0	0	100	0	1	1	0	0	1	0	0	0	0	1	0	2	0	0	0	0	0
2	2	2	1	1	55	0	0	0	100	0	1	1	0	0	2	0	0	0	0	1	0	2	0	0	0	0	0
2	2	2	1	1	26	0	0	0	100	0	1	1	0	0	1	0	0	0	0	1	0	2	0	0	0	1	0
2	2	2	1	1	20	0	0	0	100	0	1	1	0	0	1	0	0	0	0	1	0	2	0	0	0	1	0
2	2	2	1	1	45	0	0	0	100	0	1	1	0	0	2	0	0	0	0	1	0	2	0	1	0	1	1
1	1	2	1	1	43	0	0	0	102	0	1	1	1	0	1	0	0	0	0	1	0	2	0	0	0	1	0
1	1	2	1	1	21	0	0	0	103	0	1	1	0	0	1	0	0	0	0	1	0	2	0	0	0	1	0
2	2	2	1	1	80	1	0	0	105	0	1	1	1	0	2	0	0	0	0	1	0	2	0	0	0	0	0
2	2	2	1	1	12	0	0	0	110	0	1	1	1	0	1	0	0	0	0	1	0	2	0	0	0	0	0
2	2	2	1	1	26	0	0	0	110	0	1	1	1	0	1	0	0	0	0	1	0	2	0	0	0	1	0
2	2	2	1	1	26	0	0	0	110	0	1	1	0	0	1	0	0	0	0	1	0	2	0	0	0	0	0
2	2	2	1	1	63	0	0	0	110	0	1	1	0	0	2	0	0	0	0	1	0	2	0	0	0	0	0
2	2	2	3	0	41	0	0	0	110	0	1	1	0	0	1	0	0	0	0	1	0	2	0	0	0	1	0
2	2	2	1	1	35	0	0	0	110	0	1	1	0	0	1	0	0	0	0	1	0	2	0	0	0	1	0
2	2	2	1	1	29	0	0	0	110	0	1	1	0	0	1	0	0	0	0	1	0	2	0	0	0	1	0
2	2	2	1	1	59	0	0	0	110	0	1	1	0	0	2	0	0	0	0	1	0	2	0	0	0	1	0
3	3	2	1	1	15	0	0	0	110	0	1	1	0	0	1	0	0	0	0	1	0	2	0	0	0	1	0
3	3	2	2	0	28	0	0	0	110	0	1	1	0	0	1	0	0	0	0	1	0	2	0	0	0	1	0
2	2	2	1	1	24	0	0	0	120	0	1	1	0	0	1	0	0	0	0	1	0	2	0	0	0	0	0
2	2	2	1	1	14	0	0	0	120	0	1	1	0	0	1	0	0	0	0	1	0	2	0	0	0	1	0
2	2	2	1	1	29	0	0	0	120	0	1	1	0	0	1	0	0	0	0	1	0	2	0	0	0	1	0
2	2	2	1	1	19	0	0	0	120	0	1	1	0	0	1	0	0	0	0	1	0	2	0	0	0	1	0
2	2	2	2	0	62	0	0	0	120	0	1	1	0	0	2	0	0	0	0	1	0	2	0	0	0	1	0
2	2	2	3	0	14	0	0	0	130	1	1	1	1	0	1	0	0	0	1	1	0	2	0	0	0	1	0
2	2	2	3	0	39	0	0	0	130	1	1	1	1	0	1	0	0	0	1	1	0	2	0	0	0	1	0
2	2	2	1	1	27	0	0	0	130	1	1	1	1	0	1	0	0	0	1	1	0	2	0	0	0	1	0
2	2	2	1	1	30	0	0	0	130	1	1	1	0	0	1	0	0	0	1	1	0	2	0	0	0	1	0
2	2	2	1	1	59	0	0	0	130	1	1	1	0	0	1	0	0	0	1	1	0	2	0	0	0	1	0
2	2	2	1	1	29	0	0	0	130	1	1	1	0	0	1	0	0	0	1	1	0	2	0	0	0	1	0
2	2	2	1	1	24	0	0	0	130	1	1	1	0	0	1	0	0	0	1	1	0	2	0	0	0	1	0
2	2	2	1	1	45	0	0	0	130	1	1	1	0	0	2	0	0	0	1	1	0	2	0	1	0	1	1
2	2	2	1	1	47	0	0	0	132	1	1	1	0	0	2	0	0	0	1	1	0	2	0	0	0	0	0
2	2	2	1	1	27	0	0	0	135	1	1	1	0	0	1	0	0	0	1	1	0	2	0	0	0	1	0
2	2	2	1	1	68	0	0	0	139	1	1	1	0	0	2	0	0	0	1	1	0	2	0	0	0	0	0
2	2	2	1	1	53	0	0	0	140	1	1	1	1	0	1	0	0	0	1	1	0	2	0	0	0	0	0
2	2	2	1	1	10	0	0	0	140	1	1	1	1	0	1	0	0	0	1	1	0	2	0	0	0	0	0
2	2	2	1	1	37	0	0	0	140	1	1	1	1	0	1	0	0	0	1	1	0	2	0	0	0	1	0
2	2	2	1	1	53	0	0	0	140	1	1	1	1	0	1	0	0	0	1	1	0	2	0	0	0	1	0
2	2	2	1	1	16	0	0	0	140	1	1	1	1	0	1	0	0	0	1	1	0	2	0	0	0	1	0
2	2	2	1	1	34	0	0	0	140	1	1	1	1	0	1	0	0	0	1	1	0	2	0	0	0	1	0
2	2	2	1	1	17	0	0	0	140	1	1	1	1	0	1	0	0	0	1	1	0	2	0	0	0	1	0
2	2	2	1	1	25	0	0	0	140	1	1	1	1	0	1	0	0	0	1	1	0	2	0	0	0	1	0
2	2	2	1	1	32	0	0	0	140	1	1	1	1	0	1	0	0	0	1	1	0	2	0	0	0	1	0
2	2	2	1	1	31	0	0	0	140	1	1	1	1	0	2	0	0	0	1	1	0	2	0	0	0	1	0
2	2	2	1	1	78	1	0	0	140	1	1	1	1	0	2	0	0	0	1	1	0	2	0	0	0	2	0
2	2	2	2	0	13	0	0	0	140	1	1	1	1	0	1	0	0	0	1	1	0	2	0	0	0	3	0
2	2	2	1	1	25	0	0	0	140	1	1	1	0	0	1	0	0	0	1	1	0	2	0	0	0	0	0
2	2	2	1	1	33	0	0	0	140	1	1	1	0	0	1	0	0	0	1	1	0	2	0	0	0	0	0
2	2	2	1	1	28	0	0	0	140	1	1	1	0	0	1	0	0	0	1	1	0	2	0	0	0	0	0
2	2	2	1	1	73	1	0	0	140	1	1	1	0	0	2	0	0	0	1	1	0	2	0	0	0	0	0
3	3	2	1	1	28	0	0	0	140	1	1	1	0	0	1	0	0	0	0	1	0	2	0	0	0	1	0
3	3	2	1	1	33	0	0	0	140	1	1	1	0	0	1	0	0	0	0	1	0	2	0	0	0	1	0
3	3	2	1	1	19	0	0	0	140	1	1	1	0	0	1	0	0	0	0	1	0	2	0	0	0	1	0
3	3	2	1	1	61	0	0	0	140	1	1	1	0	0	2	0	0	0	0	1	0	2	0	0	0	1	0
3	3	2	3	0	52	0	0	0	140	1	1	1	0	0	2	0	0	0	0	1	0	2	0	0	0	1	0
1	1	2	1	1	30	0	0	0	140	1	1	1	0	0	1	0	0	0	1	1	0	2	0	0	0	1	0
1	1	2	1	1	29	0	0	0	140	1	1	1	0	0	1	0	0	0	1	1	0	2	0	0	0	1	0
2	2	2	2	0	30	0	0	0	140	1	1	1	0	0	1	0	0	0	1	1	0	2	0	1	0	1	1
2	2	2	1	1	31	0	0	0	140	1	1	1	0	0	1	0	0	0	1	1	0	2	0	1	0	1	1
2	2	2	1	1	68	0	0	0	140	1	1	1	0	0	1	0	0	0	1	1	0	2	0	0	0	1	0
2	2	2	1	1	31	0	0	0	140	1	1	1	0	0	1	0	0	0	1	1	0	2	0	0	0	1	0
2	2	2	1	1	60	0	0	0	140	1	1	1	0	0	1	0	0	0	1	1	0	2	0	0	0	1	0
2	2	2	1	1	38	0	0	0	140	1	1	1	0	0	1	0	0	0	1	1	0	2	0	0	0	1	0
2	2	2	1	1	32	0	0	0	140	1	1	1	0	0	1	0	0	0	1	1	0	2	0	0	0	1	0
2	2	2	1	1	18	0	0	0	140	1	1	1	0	0	1	0	0	0	1	1	0	2	0	0	0	1	0
2	2	2	2	0	33	0	0	0	140	1	1	1	0	0	1	0	0	0	1	1	0	2	0	0	0	1	0
2	2	2	1	1	22	0	0	0	140	1	1	1	0	0	1	0	0	0	1	1	0	2	0	0	0	1	0
2	2	2	1	1	27	0	0	0	140	1	1	1	0	0	1	0	0	0	1	1	0	2	0	0	0	1	0
2	2	2	1	1	51	0	0	0	140	1	1	1	0	0	1	0	0	0	1	1	0	2	0	0	0	1	0
2	2	2	1	1	54	0	0	0	140	1	1	1	0	0	1	0	0	0	1	1	0	2	0	0	0	1	0
2	2	2	3	0	38	0	0	0	140	1	1	1	0	0	1	0	0	0	1	1	0	2	0	0	0	1	0
2	2	2	2	0	52	0	0	0	140	1	1	1	0	0	1	0	0	0	1	1	0	2	0	0	0	1	0
2	2	2	1	1	23	0	0	0	140	1	1	1	0	0	1	0	0	0	1	1	0	2	0	0	0	1	0
2	2	2	1	1	34	0	0	0	140	1	1	1	0	0	1	0	0	0	1	1	0	2	0	0	0	1	0
2	2	2	1	1	23	0	0	0	140	1	1	1	0	0	1	0	0	0	1	1	0	2	0	0	0	1	0
2	2	2	1	1	22	0	0	0	140	1	1	1	0	0	1	0	0	0	1	1	0	2	0	0	0	1	0
2	2	2	1	1	57	0	0	0	140	1	1	1	0	0	1	0	0	0	1	1	0	2	0	0	0	1	0
2	2	2	1	1	19	0	0	0	140	1	1	1	0	0	1	0	0	0	1	1	0	2	0	0	0	1	0
2	2	2	1	1	20	0	0	0	140	1	1	1	0	0	1	0	0	0	1	1	0	2	0	0	0	1	0
2	2	2	1	1	37	0	0	0	140	1	1	1	0	0	1	0	0	0	1	1	0	2	0	0	0	1	0
2	2	2	1	1	14	0	0	0	140	1	1	1	0	0	1	0	0	0	1	1	0	2	0	0	0	1	0
2	2	2	1	1	41	0	0	0	140	1	1	1	0	0	1	0	0	0	1	1	0	2	0	0	0	1	0
2	2	2	1	1	25	0	0	0	140	1	1	1	0	0	1	0	0	0	1	1	0	2	0	0	0	1	0
2	2	2	1	1	26	0	0	0	140	1	1	1	0	0	1	0	0	0	1	1	0	2	0	0	0	1	0
2	2	2	1	1	27	0	0	0	140	1	1	1	0	0	1	0	0	0	1	1	0	2	0	0	0	1	0
2	2	2	1	1	17	0	0	0	140	1	1	1	0	0	1	0	0	0	1	1	0	2	0	0	0	1	0
2	2	2	1	1	34	0	0	0	140	1	1	1	0	0	1	0	0	0	1	1	0	2	0	0	0	1	0
2	2	2	1	1	25	0	0	0	140	1	1	1	0	0	1	0	0	0	1	1	0	2	0	0	0	1	0
2	2	2	1	1	31	0	0	0	140	1	1	1	0	0	2	0	0	0	1	1	0	2	0	0	0	1	0
2	2	2	1	1	38	0	0	0	140	1	1	1	0	0	2	0	0	0	1	1	0	2	0	0	0	1	0
2	2	2	1	1	62	0	0	0	140	1	1	1	0	0	2	0	0	0	1	1	0	2	0	0	0	1	0
2	2	2	1	1	20	0	0	0	140	1	1	1	0	0	1	0	0	0	1	1	0	2	0	0	0	2	0
2	2	2	2	0	52	0	19	1	140	1	1	1	0	0	2	0	0	0	1	1	0	2	0	0	0	39	0
2	2	2	2	0	54	0	0	0	145	1	1	1	0	0	2	0	0	0	1	1	0	2	0	0	0	0	0
1	1	2	1	1	17	0	0	0	150	1	1	1	1	0	1	0	0	0	1	1	0	2	0	0	0	1	0
2	2	2	1	1	15	0	0	0	160	1	1	1	1	0	1	0	0	0	1	1	0	2	0	0	0	1	0
2	2	2	1	1	35	0	0	0	160	1	1	1	0	0	1	0	0	0	1	1	0	2	0	0	0	0	0
3	3	2	1	1	26	0	0	0	160	1	1	1	0	0	1	0	0	0	0	1	0	2	0	0	0	1	0
2	2	2	1	1	42	0	0	0	160	1	1	1	0	0	1	0	0	0	1	1	0	2	0	0	0	1	0
2	2	2	1	1	24	0	0	0	160	1	1	1	0	0	1	0	0	0	1	1	0	2	0	0	0	1	0
2	2	2	1	1	29	0	0	0	160	1	1	1	0	0	1	0	0	0	1	1	0	2	0	0	0	1	0
2	2	2	1	1	13	0	0	0	165	1	1	1	1	0	1	0	0	0	1	1	0	2	0	0	0	2	0
2	2	2	1	1	41	0	0	0	165	1	1	1	0	0	1	0	0	0	1	1	0	2	0	0	0	1	0
2	2	2	1	1	37	0	0	0	170	1	1	1	1	0	1	0	0	0	1	1	0	2	0	0	0	1	0
2	2	2	1	1	70	0	0	0	170	1	1	1	1	0	2	0	0	0	1	1	0	2	0	0	0	1	0
3	3	2	1	1	46	0	0	0	170	1	1	1	0	0	1	0	0	0	0	1	0	2	0	0	0	1	0
2	2	2	1	1	35	0	0	0	170	1	1	1	0	0	1	0	0	0	1	1	0	2	0	0	0	1	0
2	2	2	3	0	44	0	0	0	170	1	1	1	0	0	1	0	0	0	1	1	0	2	0	0	0	1	0
2	2	2	1	1	39	0	0	0	170	1	1	1	0	0	1	0	0	0	1	1	0	2	0	0	0	1	0
2	2	2	1	1	18	0	0	0	170	1	1	1	0	0	1	0	0	0	1	1	0	2	0	0	0	1	0
2	2	2	1	1	46	0	0	0	170	1	1	1	0	0	1	0	0	0	1	1	0	2	0	0	0	1	0
2	2	2	1	1	23	0	0	0	180	1	1	1	1	0	1	0	0	0	1	1	0	2	0	0	0	1	0
2	2	2	1	1	27	0	0	0	180	1	1	1	0	0	1	0	0	0	1	1	0	2	0	0	0	1	0
2	2	2	1	1	31	0	0	0	180	1	1	1	0	0	1	0	0	0	1	1	0	2	0	0	0	1	0
2	2	2	1	1	22	0	0	0	180	1	1	1	0	0	1	0	0	0	1	1	0	2	0	0	0	1	0
2	2	2	2	0	47	0	0	0	180	1	1	1	0	0	2	0	0	0	1	1	0	2	0	0	0	1	0
2	2	2	7	0	13	0	0	0	189	1	1	1	1	0	1	0	0	0	1	1	0	2	0	0	0	2	0
2	2	2	1	1	46	0	0	0	190	1	1	1	0	0	1	0	0	0	1	1	0	2	0	0	0	1	0
2	2	2	2	0	35	0	0	0	190	1	1	1	0	0	1	0	0	0	1	1	0	2	0	0	0	1	0
2	2	2	2	0	44	0	0	0	190	1	1	1	0	0	1	0	0	0	1	1	0	2	0	0	0	1	0
2	2	2	1	1	16	0	0	0	190	1	1	1	0	0	1	0	0	0	1	1	0	2	0	0	0	1	0
2	2	2	1	1	59	0	0	0	194	1	1	1	0	0	1	0	0	0	1	1	0	2	0	0	0	1	0
2	2	2	1	1	44	0	0	0	195	1	1	1	0	0	1	0	0	0	1	1	0	2	0	0	0	2	0
3	3	2	1	1	32	0	0	0	200	1	1	1	1	0	1	0	0	0	0	1	0	2	0	0	0	1	0
2	2	2	1	1	21	0	0	0	200	1	1	1	1	0	1	0	0	0	1	1	0	2	0	0	0	1	0
2	2	2	1	1	28	0	0	0	200	1	1	1	1	0	1	0	0	0	1	1	0	2	0	0	0	1	0
2	2	2	1	1	45	0	0	0	200	1	1	1	1	0	1	0	0	0	1	1	0	2	0	0	0	1	0
2	2	2	2	0	55	0	0	0	200	1	1	1	1	0	1	0	0	0	1	1	0	2	0	0	0	1	0
2	2	2	1	1	74	1	0	0	200	1	1	1	1	0	1	0	0	0	1	2	1	4	0	0	0	1	0
2	2	2	1	1	63	0	0	0	200	1	1	1	1	0	1	0	0	0	1	1	0	2	0	0	0	1	0
2	2	2	1	1	30	0	0	0	200	1	1	1	1	0	1	0	0	0	1	1	0	2	0	0	0	1	0
2	2	2	1	1	30	0	0	0	200	1	1	1	1	0	1	0	0	0	1	1	0	2	0	0	0	1	0
2	2	2	1	1	32	0	0	0	200	1	1	1	1	0	1	0	0	0	1	1	0	2	0	0	0	1	0
2	2	2	1	1	30	0	0	0	200	1	1	1	1	0	1	0	0	0	1	1	0	2	0	0	0	1	0
2	2	2	1	1	22	0	0	0	200	1	1	1	1	0	1	0	0	0	1	1	0	2	0	0	0	1	0
2	2	2	1	1	41	0	0	0	200	1	1	1	1	0	1	0	0	0	1	1	0	2	0	0	0	1	0
2	2	2	1	1	46	0	0	0	200	1	1	1	1	0	1	0	0	0	1	1	0	2	0	0	0	1	0
2	2	2	1	1	28	0	0	0	200	1	1	1	1	0	1	0	0	0	1	1	0	2	0	0	0	1	0
2	2	2	1	1	55	0	0	0	200	1	1	1	1	0	1	0	0	0	1	1	0	2	0	0	0	1	0
2	2	2	1	1	19	0	0	0	200	1	1	1	1	0	1	0	0	0	1	1	0	2	0	0	0	1	0
2	2	2	4	0	14	0	0	0	200	1	1	1	1	0	1	0	0	0	1	1	0	2	0	0	0	1	0
2	2	2	2	0	41	0	0	0	200	1	1	1	1	0	1	0	0	0	1	1	0	2	0	0	0	1	0
2	2	2	1	1	52	0	0	0	200	1	1	1	1	0	2	0	0	0	1	1	0	2	0	0	0	1	0
2	2	2	1	1	29	0	0	0	200	1	1	1	1	0	1	0	0	0	1	1	0	2	0	0	0	2	0
2	2	2	1	1	20	0	0	0	200	1	1	1	1	0	1	0	0	0	1	1	0	2	0	0	0	2	0
2	2	2	1	1	59	0	0	0	200	1	1	1	1	0	1	0	0	0	1	2	1	4	0	0	0	3	0
2	2	2	1	1	33	0	8	1	200	1	1	1	1	0	2	0	0	0	1	1	0	2	0	0	0	12	0
2	2	2	1	1	47	0	0	0	200	1	1	1	0	0	1	0	0	0	1	1	0	2	0	1	0	0	1
2	2	2	3	0	37	0	0	0	200	1	1	1	0	0	1	0	0	0	1	1	0	2	0	0	0	0	0
2	2	2	1	1	36	0	0	0	200	1	1	1	0	0	1	0	0	0	1	1	0	2	0	0	0	0	0
1	1	2	1	1	22	0	0	0	200	1	1	1	0	0	1	0	1	0	1	1	0	2	0	0	0	1	0
2	2	2	1	1	45	0	0	0	200	1	1	1	0	0	1	0	1	0	1	1	0	2	0	0	0	1	0
2	2	2	1	1	40	0	0	0	200	1	1	1	0	0	1	0	1	0	1	1	0	2	0	0	0	1	0
2	2	2	1	1	46	0	0	0	200	1	1	1	0	0	2	0	1	0	1	1	0	2	0	0	0	1	0
3	3	2	1	1	46	0	0	0	200	1	1	1	0	0	1	0	0	0	0	1	0	2	0	0	0	1	0
3	3	2	1	1	17	0	0	0	200	1	1	1	0	0	2	0	0	0	0	1	0	2	0	0	0	1	0
1	1	2	1	1	52	0	0	0	200	1	1	1	0	0	2	0	0	0	1	1	0	2	0	0	0	1	0
2	2	2	3	0	57	0	0	0	200	1	1	1	0	0	1	0	0	0	1	1	0	2	0	0	0	1	0
2	2	2	1	1	25	0	0	0	200	1	1	1	0	0	1	0	0	0	1	1	0	2	0	0	0	1	0
2	2	2	1	1	37	0	0	0	200	1	1	1	0	0	1	0	0	0	1	1	0	2	0	0	0	1	0
2	2	2	2	0	38	0	0	0	200	1	1	1	0	0	1	0	0	0	1	1	0	2	0	0	0	1	0
2	2	2	1	1	17	0	0	0	200	1	1	1	0	0	1	0	0	0	1	1	0	2	0	0	0	1	0
2	2	2	1	1	45	0	0	0	200	1	1	1	0	0	1	0	0	0	1	1	0	2	0	0	0	1	0
2	2	2	1	1	38	0	0	0	200	1	1	1	0	0	1	0	0	0	1	1	0	2	0	0	0	1	0
2	2	2	3	0	36	0	0	0	200	1	1	1	0	0	1	0	0	0	1	1	0	2	0	0	0	1	0
2	2	2	1	1	57	0	0	0	200	1	1	1	0	0	1	0	0	0	1	1	0	2	0	0	0	1	0
2	2	2	1	1	48	0	0	0	200	1	1	1	0	0	1	0	0	0	1	1	0	2	0	0	0	1	0
2	2	2	1	1	47	0	0	0	200	1	1	1	0	0	1	0	0	0	1	1	0	2	0	0	0	1	0
2	2	2	1	1	34	0	0	0	200	1	1	1	0	0	1	0	0	0	1	1	0	2	0	0	0	1	0
2	2	2	1	1	35	0	0	0	200	1	1	1	0	0	1	0	0	0	1	1	0	2	0	0	0	1	0
2	2	2	1	1	35	0	0	0	200	1	1	1	0	0	1	0	0	0	1	1	0	2	0	0	0	1	0
2	2	2	2	0	56	0	0	0	200	1	1	1	0	0	1	0	0	0	1	1	0	2	0	0	0	1	0
2	2	2	1	1	31	0	0	0	200	1	1	1	0	0	1	0	0	0	1	1	0	2	0	0	0	1	0
2	2	2	2	0	35	0	0	0	200	1	1	1	0	0	1	0	0	0	1	1	0	2	0	0	0	1	0
2	2	2	1	1	23	0	0	0	200	1	1	1	0	0	1	0	0	0	1	1	0	2	0	0	0	1	0
2	2	2	1	1	48	0	0	0	200	1	1	1	0	0	1	0	0	0	1	1	0	2	0	0	0	1	0
2	2	2	1	1	48	0	0	0	200	1	1	1	0	0	1	0	0	0	1	1	0	2	0	0	0	1	0
2	2	2	2	0	35	0	0	0	200	1	1	1	0	0	1	0	0	0	1	1	0	2	0	0	0	1	0
2	2	2	2	0	20	0	0	0	200	1	1	1	0	0	1	0	0	0	1	1	0	2	0	0	0	1	0
2	2	2	1	1	23	0	0	0	200	1	1	1	0	0	1	0	0	0	1	1	0	2	0	0	0	1	0
2	2	2	1	1	25	0	0	0	200	1	1	1	0	0	1	0	0	0	1	1	0	2	0	0	0	1	0
2	2	2	1	1	23	0	0	0	200	1	1	1	0	0	1	0	0	0	1	1	0	2	0	0	0	1	0
2	2	2	1	1	21	0	0	0	200	1	1	1	0	0	1	0	0	0	1	1	0	2	0	0	0	1	0
2	2	2	1	1	32	0	0	0	200	1	1	1	0	0	1	0	0	0	1	1	0	2	0	0	0	1	0
2	2	2	1	1	36	0	0	0	200	1	1	1	0	0	1	0	0	0	1	1	0	2	0	0	0	1	0
2	2	2	1	1	34	0	0	0	200	1	1	1	0	0	1	0	0	0	1	1	0	2	0	0	0	1	0
2	2	2	1	1	36	0	0	0	200	1	1	1	0	0	1	0	0	0	1	1	0	2	0	0	0	1	0
2	2	2	1	1	38	0	0	0	200	1	1	1	0	0	1	0	0	0	1	1	0	2	0	0	0	1	0
2	2	2	1	1	41	0	0	0	200	1	1	1	0	0	1	0	0	0	1	1	0	2	0	0	0	1	0
2	2	2	1	1	20	0	0	0	200	1	1	1	0	0	1	0	0	0	1	1	0	2	0	0	0	1	0
2	2	2	1	1	23	0	0	0	200	1	1	1	0	0	1	0	0	0	1	1	0	2	0	0	0	1	0
2	2	2	1	1	56	0	0	0	200	1	1	1	0	0	1	0	0	0	1	1	0	2	0	0	0	1	0
2	2	2	1	1	35	0	0	0	200	1	1	1	0	0	1	0	0	0	1	1	0	2	0	0	0	1	0
2	2	2	1	1	51	0	0	0	200	1	1	1	0	0	1	0	0	0	1	1	0	2	0	0	0	1	0
2	2	2	1	1	32	0	0	0	200	1	1	1	0	0	1	0	0	0	1	1	0	2	0	0	0	1	0
2	2	2	2	0	51	0	0	0	200	1	1	1	0	0	2	0	0	0	1	1	0	2	0	0	0	1	0
2	2	2	1	1	36	0	0	0	200	1	1	1	0	0	2	0	0	0	1	1	0	2	0	0	0	1	0
2	2	2	1	1	50	0	0	0	200	1	1	1	0	0	2	0	0	0	1	1	0	2	0	0	0	1	0
2	2	2	1	1	48	0	0	0	200	1	1	1	0	0	2	0	0	0	1	1	0	2	0	0	0	1	0
2	2	2	2	0	65	0	0	0	200	1	1	1	0	0	2	0	0	0	1	1	0	2	0	0	0	1	0
2	2	2	1	1	45	0	0	0	200	1	1	1	0	0	2	0	0	0	1	2	1	4	0	0	0	1	0
2	2	2	1	1	68	0	0	0	200	1	1	1	0	0	2	0	0	0	1	1	0	2	0	0	0	1	0
2	2	2	1	1	43	0	0	0	200	1	1	1	0	0	2	0	0	0	1	1	0	2	0	0	0	1	0
2	2	2	1	1	47	0	0	0	200	1	1	1	0	0	2	0	0	0	1	1	0	2	0	0	0	1	0
2	2	2	1	1	40	0	0	0	200	1	1	1	0	0	2	0	0	0	1	1	0	2	0	0	0	1	0
2	2	2	1	1	45	0	0	0	200	1	1	1	0	0	2	0	0	0	1	1	0	2	0	0	0	1	0
2	2	2	1	1	29	0	0	0	200	1	1	1	0	0	1	0	0	0	1	1	0	2	0	0	0	2	0
2	2	2	1	1	25	0	0	0	200	1	1	1	0	0	2	0	0	0	1	1	0	2	0	0	0	4	0
2	2	2	1	1	52	0	0	0	210	1	1	1	0	0	1	0	0	0	1	1	0	2	0	0	0	1	0
2	2	2	1	1	36	0	0	0	210	1	1	1	0	0	1	0	0	0	1	1	0	2	0	0	0	1	0
2	2	2	1	1	20	0	0	0	210	1	1	1	0	0	1	0	0	0	1	1	0	2	0	0	0	1	0
2	2	2	1	1	49	0	0	0	210	1	1	1	0	0	2	0	0	0	1	1	0	2	0	0	0	6	0
2	2	2	1	1	23	0	0	0	215	1	1	1	1	0	1	0	0	0	1	1	0	2	0	0	0	1	0
2	2	2	1	1	35	0	0	0	220	1	1	1	1	0	1	0	0	0	1	1	0	2	0	0	0	1	0
2	2	2	1	1	48	0	0	0	220	1	1	1	0	0	1	0	0	0	1	2	1	4	0	0	0	1	0
2	2	2	1	1	36	0	0	0	220	1	1	1	0	0	2	0	0	0	1	1	0	2	0	0	0	1	0
2	2	2	1	1	54	0	0	0	220	1	1	1	0	0	2	0	0	0	1	1	0	2	0	0	0	2	0
2	2	2	2	0	34	0	0	0	230	1	1	1	1	0	1	0	0	0	1	1	0	2	0	0	0	1	0
3	3	2	1	1	27	0	0	0	230	1	1	1	0	0	1	0	0	0	0	1	0	2	0	0	0	0	0
3	3	2	1	1	24	0	0	0	230	1	1	1	0	0	1	0	0	0	0	1	0	2	0	0	0	1	0
2	2	2	3	0	48	0	0	0	230	1	1	1	0	0	1	0	0	0	1	1	0	2	0	0	0	1	0
2	2	2	1	1	31	0	0	0	230	1	1	1	0	0	1	0	0	0	1	1	0	2	0	0	0	1	0
2	2	2	1	1	29	0	0	0	230	1	1	1	0	0	1	0	0	0	1	1	0	2	0	0	0	1	0
2	2	2	2	0	48	0	0	0	230	1	1	1	0	0	1	0	0	0	1	1	0	2	0	0	0	1	0
2	2	2	2	0	33	0	0	0	230	1	1	1	0	0	2	0	0	0	1	1	0	2	0	0	0	1	0
2	2	2	2	0	53	0	0	0	230	1	1	1	0	0	2	0	0	0	1	1	0	2	0	0	0	1	0
2	2	2	1	1	38	0	0	0	230	1	1	1	0	0	1	0	0	0	1	1	0	2	0	0	0	2	0
2	2	2	1	1	20	0	0	0	230	1	1	1	0	0	1	0	0	0	1	1	0	2	0	0	0	2	0
2	2	2	1	1	81	1	0	0	232	1	1	1	0	0	2	0	0	0	1	1	0	2	0	0	0	1	0
2	2	2	1	1	38	0	0	0	240	1	1	1	0	0	1	0	1	0	1	1	0	2	0	0	0	1	0
2	2	2	1	1	42	0	0	0	240	1	1	1	0	0	1	0	0	0	1	1	0	2	0	0	0	1	0
2	2	2	1	1	31	0	0	0	240	1	1	1	0	0	1	0	0	0	1	1	0	2	0	0	0	1	0
2	2	2	1	1	48	0	0	0	240	1	1	1	0	0	2	0	0	0	1	1	0	2	0	0	0	2	0
2	2	2	1	1	28	0	0	0	242	1	1	1	0	0	1	0	0	0	1	1	0	2	0	0	0	1	0
2	2	2	1	1	21	0	0	0	244	1	1	1	0	0	1	0	0	0	1	1	0	2	0	1	0	1	1
2	2	2	1	1	50	0	0	0	250	1	1	1	1	0	1	0	0	0	1	1	0	2	0	1	0	1	1
2	2	2	1	1	19	0	0	0	250	1	1	1	1	0	1	0	0	0	1	1	0	2	0	0	0	1	0
2	2	2	2	0	39	0	0	0	250	1	1	1	1	0	1	0	0	0	1	1	0	2	0	0	0	1	0
2	2	2	1	1	40	0	0	0	250	1	1	1	0	0	1	0	0	0	1	1	0	2	0	0	0	1	0
2	2	2	1	1	62	0	0	0	254	1	1	1	0	0	2	0	0	0	1	1	0	2	0	0	0	2	0
2	2	2	1	1	53	0	0	0	255	1	1	1	0	0	1	0	0	0	1	1	0	2	0	0	0	1	0
2	2	2	1	1	35	0	0	0	257	1	1	1	0	0	1	0	0	0	1	1	0	2	0	0	0	1	0
2	2	2	1	1	16	0	0	0	260	1	1	1	1	0	1	0	0	0	1	1	0	2	0	0	0	1	0
2	2	2	1	1	39	0	0	0	260	1	1	1	1	0	1	0	0	0	1	1	0	2	0	0	0	1	0
2	2	2	2	0	36	0	0	0	260	1	1	1	0	0	1	0	1	0	1	1	0	2	0	0	0	1	0
2	2	2	1	1	34	0	0	0	260	1	1	1	0	0	1	0	0	0	1	1	0	2	0	1	0	1	1
2	2	2	2	0	47	0	0	0	260	1	1	1	0	0	1	0	0	0	1	1	0	2	0	0	0	1	0
2	2	2	1	1	26	0	0	0	260	1	1	1	0	0	1	0	0	0	1	1	0	2	0	0	0	1	0
2	2	2	1	1	44	0	0	0	260	1	1	1	0	0	1	0	0	0	1	1	0	2	0	0	0	1	0
2	2	2	1	1	48	0	0	0	260	1	1	1	0	0	1	0	0	0	1	1	0	2	0	0	0	1	0
2	2	2	3	0	37	0	0	0	260	1	1	1	0	0	1	0	0	0	1	1	0	2	0	0	0	1	0
2	2	2	1	1	46	0	0	0	260	1	1	1	0	0	1	0	0	0	1	1	0	2	0	0	0	1	0
2	2	2	2	0	53	0	0	0	260	1	1	1	0	0	1	0	0	0	1	1	0	2	0	0	0	1	0
2	2	2	1	1	22	0	0	0	260	1	1	1	0	0	1	0	0	0	1	1	0	2	0	0	0	1	0
2	2	2	1	1	32	0	0	0	260	1	1	1	0	0	1	0	0	0	1	1	0	2	0	0	0	1	0
2	2	2	1	1	32	0	0	0	260	1	1	1	0	0	2	0	0	0	1	1	0	2	0	1	0	1	1
2	2	2	1	1	61	0	0	0	260	1	1	1	0	0	2	0	0	0	1	1	0	2	0	0	0	1	0
2	2	2	1	1	38	0	0	0	260	1	1	1	0	0	1	0	0	0	1	1	0	2	0	0	0	2	0
1	1	2	1	1	47	0	3	0	260	1	1	1	0	0	2	0	0	0	1	1	0	2	0	0	0	13	0
2	2	2	1	1	21	0	0	0	270	1	1	1	1	0	1	0	0	0	1	1	0	2	0	0	0	1	0
2	2	2	2	0	66	0	0	0	270	1	1	1	0	0	1	0	0	0	1	1	0	2	0	0	0	1	0
2	2	2	1	1	27	0	0	0	270	1	1	1	0	0	1	0	0	0	1	1	0	2	0	0	0	1	0
2	2	2	2	0	64	0	0	0	270	1	1	1	0	0	2	0	0	0	1	1	0	2	0	0	0	3	0
2	2	2	2	0	37	0	0	0	276	1	1	1	0	0	1	0	0	0	1	1	0	2	0	0	0	1	0
2	2	2	2	0	40	0	0	0	280	1	1	1	0	0	1	0	1	0	1	1	0	2	0	0	0	1	0
2	2	2	1	1	35	0	0	0	280	1	1	1	0	0	1	0	0	0	1	1	0	2	0	0	0	1	0
2	2	2	1	1	24	0	0	0	280	1	1	1	0	0	1	0	0	0	1	1	0	2	0	0	0	1	0
2	2	2	1	1	25	0	0	0	288	1	1	1	1	0	1	0	0	0	1	1	0	2	0	0	0	1	0
2	2	2	2	0	42	0	0	0	290	1	1	1	0	0	1	0	1	0	1	1	0	2	0	0	0	1	0
2	2	2	1	1	27	0	0	0	290	1	1	1	0	0	1	0	0	0	1	1	0	2	0	0	0	1	0
2	2	2	1	1	35	0	0	0	290	1	1	1	0	0	2	0	0	0	1	1	0	2	0	0	0	1	0
2	2	2	1	1	63	0	0	0	300	1	1	1	1	0	2	0	0	0	1	1	0	2	0	1	0	7	1
1	1	2	1	1	31	0	0	0	300	1	1	1	0	0	1	0	1	0	1	1	0	2	0	0	0	1	0
2	2	2	1	1	36	0	0	0	310	1	1	1	0	0	1	0	0	0	1	1	0	2	0	0	0	1	0
2	2	2	1	1	27	0	0	0	310	1	1	1	0	0	1	0	0	0	1	1	0	2	0	0	0	1	0
2	2	2	1	1	41	0	0	0	310	1	1	1	0	0	1	0	0	0	1	1	0	2	0	0	0	1	0
2	2	2	1	1	29	0	0	0	320	1	1	1	1	0	1	0	0	0	1	1	0	2	0	0	0	1	0
3	3	2	1	1	52	0	0	0	320	1	1	1	0	0	2	0	0	0	0	1	0	2	0	0	0	1	0
2	2	2	1	1	19	0	0	0	320	1	1	1	0	0	1	0	0	0	1	1	0	2	0	0	0	1	0
2	2	2	1	1	23	0	0	0	321	1	1	1	0	0	1	0	0	0	1	1	0	2	0	0	0	1	0
2	2	2	1	1	25	0	0	0	349	1	1	1	0	0	1	0	0	0	1	1	0	2	0	0	0	1	0
2	2	2	1	1	26	0	0	0	350	1	1	1	0	0	1	0	0	0	1	1	0	2	0	0	0	1	0
2	2	2	1	1	46	0	0	0	370	1	1	1	0	0	1	0	0	0	1	1	0	2	0	0	0	2	0
2	2	2	1	1	42	0	0	0	396	1	1	1	0	0	2	0	0	0	1	1	0	2	0	0	0	1	0
2	2	2	1	1	47	0	0	0	410	1	1	1	0	0	1	0	0	0	1	1	0	2	0	1	0	1	1
2	2	2	1	1	25	0	0	0	440	1	1	1	1	0	1	0	0	0	1	1	0	2	0	0	0	1	0
2	2	3	1	1	16	0	1	0	65	0	4	0	0	1	1	0	0	0	0	1	0	2	0	0	0	2	0
1	1	3	2	0	30	0	19	1	100	0	4	0	0	0	3	1	0	0	1	1	0	2	0	0	0	28	0
1	1	3	1	1	46	0	34	1	22	0	1	1	0	0	2	0	0	0	0	1	0	2	0	0	0	37	0
1	1	3	3	0	27	0	0	0	29	0	1	1	1	0	2	0	0	0	0	1	0	2	0	0	0	3	0
1	1	3	1	1	70	0	0	0	35	0	1	1	0	0	2	0	0	0	0	1	0	2	0	0	0	3	0
1	1	3	1	1	42	0	29	1	49	0	1	1	0	0	2	0	0	0	0	1	0	2	0	0	0	41	0
1	1	3	1	1	41	0	0	0	52	0	1	1	1	0	2	0	0	0	1	1	0	2	0	0	0	1	0
1	1	3	1	1	17	0	0	0	60	0	1	1	1	0	2	0	0	0	1	1	0	2	0	0	0	1	0
2	2	3	2	0	26	0	0	0	60	0	1	1	0	0	1	0	0	0	1	1	0	2	0	0	0	1	0
2	2	3	1	1	16	0	0	0	76	0	1	1	1	0	2	0	0	0	1	1	0	2	0	0	0	0	0
2	2	4	1	1	28	0	0	0	125	1	4	0	0	0	1	0	0	0	1	1	0	2	0	0	0	0	0
2	2	4	1	1	88	1	0	0	210	1	4	0	0	0	2	0	0	0	1	1	0	2	0	0	0	0	0
2	2	4	1	1	39	0	0	0	321	1	4	0	0	0	1	0	0	0	1	1	0	4	0	0	0	1	0
2	2	4	1	1	36	0	0	0	420	1	4	0	1	0	1	0	0	0	1	1	0	4	0	0	0	1	0
2	2	4	1	1	70	0	25	1	55	0	2	0	0	0	3	1	0	0	2	1	0	4	0	1	0	58	0
2	2	4	2	0	74	1	0	0	75	0	2	0	0	0	2	0	0	0	1	1	0	4	0	0	0	0	0
2	2	4	1	1	73	1	25	1	147	1	2	0	0	0	2	0	0	0	2	1	0	3	0	0	0	0	0
2	2	4	1	1	31	0	0	0	342	1	2	0	1	0	1	0	0	0	2	1	0	3	0	0	0	1	0
2	2	4	1	1	29	0	0	0	398	1	3	0	0	0	1	0	0	0	2	1	0	3	0	0	0	1	0
2	2	4	1	1	44	0	0	0	0	0	1	1	1	0	2	0	0	0	1	1	0	2	0	0	0	1	0
2	2	4	2	0	54	0	0	0	19	0	1	1	0	0	1	0	0	0	0	1	0	2	0	0	0	0	0
2	2	4	1	1	57	0	0	0	20	0	1	1	0	0	1	0	0	0	0	1	0	2	0	0	0	0	0
2	2	4	1	1	30	0	0	0	26	0	1	1	0	0	1	0	0	0	0	1	0	2	0	0	0	0	0
2	2	4	1	1	52	0	0	0	33	0	1	1	0	0	1	0	0	0	0	1	0	2	0	0	0	0	0
2	2	4	1	1	44	0	0	0	33	0	1	1	0	0	1	0	0	0	0	1	0	2	0	0	0	0	0
2	2	4	1	1	56	0	0	0	35	0	1	1	0	0	2	0	0	0	0	1	0	4	0	0	0	1	0
2	2	4	1	1	45	0	0	0	40	0	1	1	0	0	1	0	0	0	0	1	0	2	0	0	0	0	0
2	2	4	1	1	67	0	0	0	40	0	1	1	0	0	1	0	0	0	0	1	0	3	0	0	0	0	0
2	2	4	1	1	52	0	0	0	41	0	1	1	0	0	2	0	0	0	0	1	0	3	0	0	0	0	0
2	2	4	2	0	66	0	0	0	43	0	1	1	0	0	1	0	0	0	0	1	0	2	0	0	0	0	0
2	2	4	1	1	71	1	0	0	43	0	1	1	0	0	1	0	0	0	0	1	0	2	0	0	0	0	0
2	2	4	1	1	67	0	0	0	44	0	1	1	0	0	2	0	0	0	0	1	0	3	0	0	0	0	0
2	2	4	1	1	66	0	0	0	45	0	1	1	0	0	1	0	0	0	0	1	0	2	0	0	0	0	0
2	2	4	1	1	79	1	0	0	45	0	1	1	0	0	1	0	0	0	0	1	0	2	0	0	0	0	0
2	2	4	1	1	79	1	0	0	45	0	1	1	0	0	2	0	0	0	0	1	0	4	0	0	0	0	0
2	2	4	1	1	18	0	0	0	47	0	1	1	0	0	1	0	0	0	0	1	0	2	0	0	0	0	0
2	2	4	1	1	68	0	0	0	48	0	1	1	0	0	2	0	0	0	0	1	0	3	0	0	0	0	0
2	2	4	1	1	86	1	0	0	50	0	1	1	0	0	1	0	0	0	0	1	0	3	0	0	0	0	0
2	2	4	1	1	79	1	0	0	50	0	1	1	0	0	2	0	0	0	0	1	0	2	0	0	0	0	0
2	2	4	1	1	46	0	0	0	51	0	1	1	0	0	1	0	0	0	0	1	0	3	0	0	0	0	0
2	2	4	1	1	58	0	0	0	51	0	1	1	0	0	1	0	0	0	0	1	0	2	0	0	0	0	0
2	2	4	1	1	89	1	0	0	53	0	1	1	0	0	2	0	0	0	0	1	0	2	0	0	0	0	0
2	2	4	1	1	46	0	0	0	55	0	1	1	0	0	1	0	0	0	0	1	0	3	0	0	0	0	0
2	2	4	1	1	87	1	0	0	56	0	1	1	0	0	1	0	0	0	0	1	0	2	0	0	0	0	0
2	2	4	1	1	49	0	0	0	57	0	1	1	0	0	2	0	0	0	0	1	0	3	0	0	0	0	0
2	2	4	1	1	95	1	0	0	58	0	1	1	0	0	3	1	0	0	1	1	0	3	0	0	0	0	0
2	2	4	1	1	26	0	0	0	60	0	1	1	1	0	1	0	0	0	0	1	0	2	0	0	0	1	0
2	2	4	1	1	59	0	0	0	61	0	1	1	0	0	2	0	0	0	0	1	0	2	0	0	0	0	0
2	2	4	1	1	71	1	0	0	62	0	1	1	0	0	2	0	0	0	0	1	0	4	0	0	0	1	0
2	2	4	2	0	78	1	0	0	65	0	1	1	0	0	2	0	0	0	0	1	0	3	0	0	0	0	0
2	2	4	1	1	54	0	0	0	66	0	1	1	0	0	1	0	0	0	0	1	0	2	0	0	0	0	0
2	2	4	2	0	42	0	0	0	70	0	1	1	0	0	1	0	0	0	0	1	0	4	0	0	0	0	0
2	2	4	1	1	34	0	0	0	75	0	1	1	0	0	2	0	0	0	0	1	0	2	0	0	0	0	0
2	2	4	1	1	61	0	0	0	80	0	1	1	0	0	1	0	0	0	0	1	0	4	0	0	0	0	0
2	2	4	1	1	68	0	0	0	86	0	1	1	0	0	2	0	0	0	0	1	0	3	0	0	0	0	0
2	2	4	1	1	58	0	0	0	88	0	1	1	0	0	2	0	0	0	0	1	0	4	0	0	0	0	0
2	2	4	2	0	20	0	0	0	90	0	1	1	0	0	1	0	0	0	0	1	0	3	0	0	0	0	0
2	2	4	1	1	67	0	0	0	90	0	1	1	0	0	2	0	0	0	0	1	0	2	0	0	0	0	0
2	2	4	1	1	52	0	0	0	90	0	1	1	0	0	2	0	0	0	0	1	0	2	0	0	0	0	0
2	2	4	1	1	44	0	0	0	90	0	1	1	0	0	2	0	0	0	0	1	0	3	0	0	0	0	0
2	2	4	3	0	46	0	0	0	97	0	1	1	0	0	1	0	0	0	0	1	0	4	0	0	0	0	0
2	2	4	1	1	54	0	0	0	100	0	1	1	0	0	1	0	0	0	0	1	0	3	0	0	0	0	0
2	2	4	2	0	51	0	0	0	100	0	1	1	0	0	1	0	0	0	0	1	0	3	0	0	0	0	0
2	2	4	1	1	67	0	0	0	100	0	1	1	0	0	2	0	0	0	0	1	0	3	0	0	0	0	0
2	2	4	1	1	77	1	0	0	100	0	1	1	0	0	2	0	0	0	0	1	0	3	0	0	0	0	0
2	2	4	1	1	71	1	0	0	100	0	1	1	0	0	2	0	0	0	0	1	0	4	0	0	0	0	0
2	2	4	2	0	74	1	0	0	100	0	1	1	0	0	2	0	0	0	0	1	0	3	0	0	0	0	0
2	2	4	1	1	63	0	0	0	101	0	1	1	0	0	2	0	0	0	0	1	0	4	0	0	0	0	0
2	2	4	2	0	25	0	0	0	101	0	1	1	0	0	2	0	0	0	0	1	0	4	0	0	0	0	0
3	3	4	1	1	21	0	0	0	103	0	1	1	0	0	1	0	0	0	0	1	0	3	0	0	0	0	0
2	2	4	1	1	52	0	0	0	104	0	1	1	0	0	2	0	0	0	0	1	0	3	0	0	0	0	0
2	2	4	1	1	62	0	0	0	104	0	1	1	0	0	2	0	0	0	0	1	0	3	0	0	0	0	0
2	2	4	2	0	93	1	0	0	105	0	1	1	0	0	2	0	0	0	0	1	0	3	0	0	0	0	0
2	2	4	1	1	58	0	0	0	107	0	1	1	0	0	2	0	0	0	0	1	0	3	0	0	0	0	0
2	2	4	2	0	69	0	0	0	110	0	1	1	0	0	1	0	0	0	0	1	0	3	0	0	0	0	0
2	2	4	1	1	70	0	0	0	110	0	1	1	0	0	2	0	0	0	0	1	0	3	0	0	0	0	0
3	3	4	1	1	32	0	0	0	110	0	1	1	0	0	1	0	0	0	0	1	0	4	0	0	0	0	0
2	2	4	1	1	75	1	0	0	110	0	1	1	0	0	3	1	0	0	1	1	0	3	0	0	0	0	0
2	2	4	2	0	47	0	0	0	111	0	1	1	0	0	2	0	0	0	0	1	0	3	0	0	0	0	0
2	2	4	1	1	65	0	0	0	117	0	1	1	0	0	1	0	0	0	0	1	0	3	0	0	0	0	0
2	2	4	1	1	93	1	0	0	117	0	1	1	0	0	2	0	0	0	0	1	0	3	0	0	0	0	0
2	2	4	1	1	70	0	0	0	118	0	1	1	0	0	1	0	0	0	0	1	0	4	0	0	0	0	0
2	2	4	1	1	59	0	0	0	118	0	1	1	0	0	2	0	0	0	0	1	0	4	0	0	0	0	0
2	2	4	1	1	89	1	23	1	119	0	1	1	0	0	3	1	0	0	1	1	0	2	0	0	0	25	0
2	2	4	2	0	71	1	0	0	120	0	1	1	0	0	2	0	0	0	0	1	0	3	0	0	0	0	0
2	2	4	2	0	67	0	0	0	122	1	1	1	0	0	2	0	0	0	1	1	0	2	0	0	0	0	0
2	2	4	1	1	31	0	0	0	123	1	1	1	0	0	1	0	0	0	1	1	0	2	0	0	0	0	0
2	2	4	1	1	21	0	0	0	125	1	1	1	1	0	2	0	0	0	1	1	0	3	0	0	0	4	0
2	2	4	1	1	92	1	0	0	125	1	1	1	0	0	3	1	0	0	2	1	0	3	0	0	0	0	0
2	2	4	1	1	70	0	0	0	126	1	1	1	0	0	1	0	0	0	1	1	0	2	0	0	0	0	0
2	2	4	1	1	51	0	0	0	128	1	1	1	0	0	2	0	0	0	1	1	0	3	0	0	0	0	0
2	2	4	1	1	73	1	0	0	128	1	1	1	0	0	2	0	0	0	1	1	0	3	0	0	0	0	0
2	2	4	1	1	60	0	0	0	130	1	1	1	1	0	2	0	1	0	1	1	0	2	0	0	0	1	0
2	2	4	1	1	65	0	0	0	131	1	1	1	0	0	2	0	0	0	1	1	0	2	0	0	0	0	0
2	2	4	1	1	37	0	0	0	135	1	1	1	1	0	2	0	1	0	1	1	0	2	0	0	0	1	0
2	2	4	2	0	32	0	0	0	135	1	1	1	0	0	1	0	0	0	1	1	0	3	0	0	0	0	0
2	2	4	1	1	61	0	0	0	138	1	1	1	0	0	2	0	0	0	1	1	0	3	0	0	0	0	0
2	2	4	1	1	60	0	0	0	139	1	1	1	0	0	2	0	0	0	1	1	0	2	0	0	0	0	0
3	3	4	3	0	52	0	0	0	140	1	1	1	1	0	1	0	1	0	1	1	0	3	0	0	0	1	0
2	2	4	2	0	57	0	0	0	140	1	1	1	0	0	2	0	0	0	1	1	0	3	0	0	0	0	0
2	2	4	1	1	45	0	0	0	141	1	1	1	1	0	2	0	0	0	1	1	0	2	0	0	0	1	0
3	3	4	1	1	21	0	0	0	144	1	1	1	0	0	1	0	0	0	1	1	0	3	0	0	0	0	0
2	2	4	1	1	72	1	0	0	145	1	1	1	0	0	2	0	0	0	1	1	0	3	0	0	0	0	0
2	2	4	1	1	53	0	0	0	148	1	1	1	0	0	1	0	0	0	1	1	0	3	0	0	0	0	0
2	2	4	2	0	29	0	0	0	150	1	1	1	1	0	1	0	0	0	1	1	0	3	0	0	0	1	0
3	3	4	2	0	29	0	0	0	150	1	1	1	1	0	1	0	0	0	1	1	0	3	0	0	0	1	0
2	2	4	1	1	47	0	0	0	151	1	1	1	0	0	1	0	0	0	1	1	0	4	0	0	0	0	0
2	2	4	1	1	63	0	0	0	151	1	1	1	0	0	2	0	0	0	1	1	0	2	0	0	0	0	0
2	2	4	1	1	29	0	0	0	154	1	1	1	0	0	1	0	0	0	1	1	0	3	0	0	0	0	0
2	2	4	1	1	28	0	0	0	155	1	1	1	1	0	1	0	0	0	1	1	0	3	0	0	0	1	0
2	2	4	1	1	38	0	0	0	155	1	1	1	1	0	2	0	0	0	1	1	0	3	0	0	0	1	0
2	2	4	1	1	27	0	0	0	155	1	1	1	0	0	1	0	0	0	1	1	0	2	0	0	0	0	0
2	2	4	2	0	35	0	0	0	156	1	1	1	0	0	1	0	0	0	1	1	0	3	0	0	0	1	0
2	2	4	1	1	63	0	0	0	160	1	1	1	0	0	2	0	0	0	1	1	0	4	0	0	0	0	0
3	3	4	1	1	30	0	0	0	160	1	1	1	0	0	1	0	0	0	1	1	0	3	0	0	0	1	0
2	2	4	1	1	24	0	0	0	162	1	1	1	0	0	2	0	0	0	1	1	0	2	0	0	0	0	0
2	2	4	2	0	62	0	0	0	163	1	1	1	0	0	2	0	0	0	1	1	0	3	0	0	0	0	0
2	2	4	2	0	58	0	0	0	167	1	1	1	0	0	1	0	0	0	1	1	0	2	0	0	0	0	0
2	2	4	1	1	58	0	0	0	168	1	1	1	0	0	1	0	0	0	1	1	0	2	0	0	0	0	0
2	2	4	1	1	48	0	0	0	170	1	1	1	0	0	1	0	1	0	1	1	0	2	0	0	0	1	0
2	2	4	1	1	34	0	0	0	175	1	1	1	0	0	1	0	0	0	1	1	0	3	0	0	0	0	0
2	2	4	1	1	63	0	0	0	175	1	1	1	0	0	2	0	0	0	1	1	0	2	0	0	0	0	0
2	2	4	1	1	57	0	0	0	179	1	1	1	0	0	2	0	0	0	1	1	0	2	0	0	0	0	0
2	2	4	1	1	53	0	0	0	180	1	1	1	0	0	1	0	0	0	1	1	0	3	0	0	0	0	0
2	2	4	1	1	72	1	0	0	182	1	1	1	0	0	2	0	0	0	1	1	0	2	0	0	0	0	0
2	2	4	4	0	90	1	8	1	189	1	1	1	0	0	3	1	0	0	2	1	0	3	0	0	0	10	0
2	2	4	1	1	51	0	0	0	190	1	1	1	0	0	1	0	0	0	1	1	0	3	0	0	0	0	0
2	2	4	1	1	52	0	0	0	190	1	1	1	0	0	1	0	0	0	1	1	0	3	0	0	0	0	0
2	2	4	1	1	41	0	0	0	190	1	1	1	0	0	2	0	0	0	1	1	0	4	0	0	0	0	0
2	2	4	1	1	88	1	0	0	190	1	1	1	0	0	2	0	0	0	1	1	0	3	0	0	0	0	0
2	2	4	2	0	47	0	0	0	192	1	1	1	0	0	1	0	0	0	1	1	0	3	0	0	0	0	0
2	2	4	2	0	55	0	0	0	195	1	1	1	0	0	3	1	0	0	2	1	0	2	0	0	0	1	0
2	2	4	2	0	46	0	0	0	198	1	1	1	0	0	1	0	0	0	1	1	0	3	0	0	0	0	0
2	2	4	1	1	53	0	0	0	200	1	1	1	0	0	1	0	0	0	1	1	0	3	0	0	0	0	0
2	2	4	2	0	32	0	0	0	205	1	1	1	0	0	1	0	0	0	1	1	0	4	0	0	0	0	0
2	2	4	1	1	61	0	0	0	206	1	1	1	0	0	3	1	0	0	2	1	0	3	0	0	0	0	0
2	2	4	1	1	18	0	0	0	206	1	1	1	0	0	1	0	0	0	1	1	0	2	0	0	0	1	0
2	2	4	2	0	43	0	0	0	210	1	1	1	1	0	2	0	0	0	1	1	0	4	0	0	0	1	0
2	2	4	1	1	31	0	0	0	212	1	1	1	0	0	2	0	0	0	1	1	0	4	0	0	0	1	0
2	2	4	1	1	33	0	0	0	215	1	1	1	0	0	1	0	0	0	1	1	0	3	0	0	0	1	0
2	2	4	2	0	45	0	0	0	220	1	1	1	0	0	1	0	0	0	1	1	0	2	0	0	0	0	0
2	2	4	1	1	65	0	0	0	220	1	1	1	0	0	1	0	0	0	1	1	0	2	0	0	0	0	0
2	2	4	2	0	42	0	0	0	220	1	1	1	0	0	2	0	1	0	1	2	1	8	1	0	0	1	0
2	2	4	1	1	33	0	0	0	220	1	1	1	0	0	2	0	0	0	1	1	0	3	0	0	0	1	0
2	2	4	1	1	41	0	0	0	220	1	1	1	0	0	2	0	0	0	1	1	0	3	0	0	0	1	0
2	2	4	1	1	42	0	0	0	230	1	1	1	0	0	1	0	0	0	1	1	0	3	0	0	0	1	0
2	2	4	1	1	58	0	0	0	235	1	1	1	0	0	1	0	0	0	1	1	0	4	0	0	0	0	0
2	2	4	1	1	33	0	0	0	235	1	1	1	0	0	1	0	0	0	1	1	0	2	0	0	0	0	0
2	2	4	2	0	49	0	0	0	239	1	1	1	0	0	2	0	0	0	1	1	0	3	0	0	0	0	0
2	2	4	1	1	63	0	0	0	240	1	1	1	0	0	2	0	0	0	1	2	1	10	1	0	0	1	0
2	2	4	2	0	26	0	0	0	245	1	1	1	0	0	1	0	0	0	1	1	0	3	0	0	0	0	0
2	2	4	1	1	46	0	0	0	245	1	1	1	0	0	1	0	0	0	1	1	0	3	0	0	0	1	0
2	2	4	1	1	39	0	0	0	247	1	1	1	0	0	2	0	0	0	1	2	1	8	1	0	0	1	0
2	2	4	1	1	33	0	0	0	249	1	1	1	0	0	1	0	0	0	1	1	0	3	0	0	0	0	0
2	2	4	1	1	70	0	0	0	250	1	1	1	0	0	2	0	0	0	1	1	0	3	0	0	0	0	0
2	2	4	1	1	38	0	0	0	250	1	1	1	0	0	1	0	1	0	1	1	0	3	0	0	0	1	0
2	2	4	1	1	40	0	0	0	250	1	1	1	0	0	1	0	0	0	1	1	0	2	0	0	0	1	0
2	2	4	2	0	65	0	0	0	257	1	1	1	0	0	2	0	1	0	1	2	1	8	1	0	0	1	0
2	2	4	1	1	35	0	0	0	258	1	1	1	0	0	1	0	0	0	1	1	0	3	0	0	0	1	0
3	3	4	1	1	54	0	0	0	260	1	1	1	0	0	1	0	1	0	1	1	0	3	0	0	0	1	0
2	2	4	1	1	49	0	0	0	260	1	1	1	0	0	1	0	0	0	1	1	0	3	0	0	0	1	0
2	2	4	1	1	46	0	0	0	260	1	1	1	0	0	1	0	0	0	1	1	0	4	0	0	0	1	0
2	2	4	2	0	46	0	0	0	260	1	1	1	0	0	2	0	0	0	1	1	0	3	0	0	0	1	0
2	2	4	1	1	44	0	0	0	261	1	1	1	0	0	1	0	1	0	1	1	0	2	0	0	0	1	0
2	2	4	1	1	37	0	0	0	261	1	1	1	0	0	2	0	1	0	1	1	0	3	0	0	0	1	0
2	2	4	1	1	41	0	0	0	261	1	1	1	0	0	2	0	0	0	1	1	0	4	0	0	0	1	0
2	2	4	2	0	27	0	0	0	263	1	1	1	0	0	1	0	1	0	1	1	0	3	0	0	0	1	0
2	2	4	1	1	46	0	0	0	266	1	1	1	0	0	1	0	0	0	1	1	0	3	0	0	0	1	0
2	2	4	1	1	62	0	0	0	269	1	1	1	0	0	2	0	0	0	1	1	0	3	0	0	0	1	0
2	2	4	1	1	55	0	0	0	271	1	1	1	0	0	2	0	0	0	1	1	0	5	1	0	0	1	0
2	2	4	2	0	46	0	0	0	273	1	1	1	0	0	2	0	0	0	1	1	0	2	0	0	0	1	0
2	2	4	1	1	26	0	0	0	274	1	1	1	0	0	1	0	0	0	1	1	0	3	0	0	0	0	0
2	2	4	1	1	42	0	0	0	275	1	1	1	0	0	1	0	0	0	1	2	1	10	1	0	0	1	0
2	2	4	1	1	35	0	0	0	275	1	1	1	0	0	1	0	0	0	1	1	0	2	0	0	0	1	0
2	2	4	2	0	29	0	0	0	278	1	1	1	0	0	2	0	0	0	1	1	0	3	0	0	0	2	0
2	2	4	1	1	42	0	0	0	280	1	1	1	0	0	1	0	0	0	1	1	0	4	0	0	0	0	0
2	2	4	1	1	30	0	0	0	280	1	1	1	0	0	2	0	1	0	1	1	0	2	0	0	0	1	0
2	2	4	1	1	60	0	0	0	280	1	1	1	0	0	1	0	0	0	1	1	0	3	0	0	0	1	0
2	2	4	2	0	21	0	0	0	280	1	1	1	0	0	1	0	0	0	1	1	0	4	0	0	0	1	0
2	2	4	1	1	49	0	0	0	280	1	1	1	0	0	2	0	0	0	1	1	0	2	0	0	0	1	0
2	2	4	1	1	51	0	0	0	285	1	1	1	0	0	2	0	1	0	1	1	0	3	0	0	0	1	0
2	2	4	1	1	46	0	0	0	285	1	1	1	0	0	2	0	1	0	1	1	0	3	0	0	0	1	0
2	2	4	1	1	31	0	0	0	285	1	1	1	0	0	1	0	0	0	1	1	0	3	0	0	0	1	0
2	2	4	2	0	40	0	0	0	285	1	1	1	0	0	1	0	0	0	1	1	0	3	0	0	0	1	0
2	2	4	1	1	47	0	0	0	285	1	1	1	0	0	2	0	0	0	1	1	0	3	0	0	0	1	0
2	2	4	2	0	35	0	0	0	287	1	1	1	0	0	1	0	0	0	1	1	0	3	0	0	0	1	0
2	2	4	1	1	50	0	0	0	290	1	1	1	0	0	1	0	0	0	1	1	0	3	0	0	0	0	0
2	2	4	1	1	38	0	0	0	290	1	1	1	0	0	2	0	0	0	1	1	0	3	0	0	0	1	0
3	3	4	1	1	79	1	0	0	291	1	1	1	1	0	2	0	1	0	1	1	0	3	0	0	0	1	0
2	2	4	1	1	29	0	0	0	291	1	1	1	0	0	1	0	1	0	1	1	0	4	0	0	0	1	0
2	2	4	1	1	59	0	0	0	299	1	1	1	0	0	1	0	0	0	1	1	0	3	0	0	0	0	0
2	2	4	1	1	47	0	0	0	300	1	1	1	0	0	2	0	0	0	1	1	0	3	0	0	0	0	0
2	2	4	1	1	29	0	0	0	300	1	1	1	0	0	1	0	0	0	1	1	0	3	0	0	0	1	0
2	2	4	1	1	41	0	0	0	300	1	1	1	0	0	2	0	0	0	1	1	0	4	0	0	0	1	0
2	2	4	1	1	40	0	0	0	306	1	1	1	0	0	1	0	0	0	1	1	0	3	0	0	0	1	0
2	2	4	3	0	44	0	0	0	307	1	1	1	0	0	1	0	0	0	1	1	0	3	0	0	0	1	0
2	2	4	1	1	67	0	0	0	307	1	1	1	0	0	2	0	0	0	1	1	0	3	0	0	0	2	0
2	2	4	2	0	36	0	0	0	311	1	1	1	0	0	1	0	0	0	1	2	1	6	1	0	0	1	0
2	2	4	1	1	38	0	0	0	311	1	1	1	0	0	2	0	0	0	1	1	0	4	0	0	0	1	0
2	2	4	1	1	31	0	0	0	315	1	1	1	1	0	1	0	0	0	1	1	0	3	0	0	0	1	0
2	2	4	1	1	68	0	0	0	315	1	1	1	0	0	2	0	0	0	1	1	0	2	0	0	0	1	0
2	2	4	1	1	28	0	0	0	317	1	1	1	1	0	1	0	0	0	1	1	0	3	0	0	0	1	0
2	2	4	1	1	52	0	0	0	320	1	1	1	0	0	2	0	0	0	1	1	0	3	0	0	0	1	0
2	2	4	2	0	64	0	0	0	320	1	1	1	0	0	2	0	0	0	1	1	0	4	0	0	0	1	0
2	2	4	1	1	59	0	0	0	323	1	1	1	0	0	2	0	0	0	1	1	0	4	0	0	0	1	0
2	2	4	4	0	61	0	0	0	324	1	1	1	0	0	2	0	0	0	1	1	0	3	0	0	0	0	0
2	2	4	2	0	40	0	0	0	324	1	1	1	0	0	3	1	0	0	2	2	1	8	1	0	0	1	0
2	2	4	1	1	63	0	0	0	325	1	1	1	0	0	2	0	0	0	1	1	0	4	0	0	0	0	0
2	2	4	1	1	45	0	0	0	325	1	1	1	0	0	1	0	0	0	1	1	0	4	0	0	0	1	0
2	2	4	1	1	46	0	0	0	326	1	1	1	0	0	1	0	0	0	1	1	0	3	0	0	0	1	0
2	2	4	1	1	51	0	0	0	327	1	1	1	0	0	1	0	0	0	1	1	0	3	0	0	0	1	0
2	2	4	1	1	36	0	0	0	329	1	1	1	0	0	2	0	0	0	1	1	0	4	0	0	0	1	0
2	2	4	1	1	62	0	0	0	330	1	1	1	0	0	1	0	1	0	1	2	1	12	1	0	0	1	0
2	2	4	1	1	51	0	0	0	330	1	1	1	0	0	1	0	0	0	1	1	0	4	0	0	0	1	0
2	2	4	1	1	29	0	0	0	330	1	1	1	0	0	1	0	0	0	1	1	0	4	0	0	0	1	0
3	3	4	2	0	42	0	0	0	330	1	1	1	0	0	1	0	0	0	1	2	1	8	1	0	0	1	0
2	2	4	2	0	58	0	0	0	332	1	1	1	0	0	2	0	0	0	1	1	0	2	0	0	0	1	0
2	2	4	1	1	40	0	0	0	336	1	1	1	0	0	2	0	0	0	1	2	1	8	1	0	0	1	0
2	2	4	1	1	31	0	0	0	337	1	1	1	0	0	2	0	0	0	1	1	0	3	0	0	0	1	0
2	2	4	1	1	42	0	0	0	343	1	1	1	0	0	2	0	0	0	1	2	1	12	1	0	0	1	0
2	2	4	1	1	71	1	0	0	345	1	1	1	0	0	2	0	0	0	1	1	0	2	0	0	0	0	0
2	2	4	1	1	36	0	0	0	347	1	1	1	1	0	1	0	1	0	1	2	1	6	1	0	0	1	0
2	2	4	3	0	26	0	0	0	350	1	1	1	1	0	1	0	0	0	1	1	0	4	0	0	0	1	0
2	2	4	1	1	37	0	0	0	350	1	1	1	0	0	1	0	0	0	1	2	1	12	1	0	0	1	0
2	2	4	1	1	25	0	0	0	350	1	1	1	0	0	1	0	0	0	1	1	0	2	0	0	0	1	0
2	2	4	2	0	27	0	0	0	359	1	1	1	0	0	2	0	0	0	1	1	0	4	0	0	0	1	0
2	2	4	1	1	46	0	0	0	360	1	1	1	1	0	1	0	1	0	1	2	1	4	0	0	0	1	0
2	2	4	1	1	44	0	0	0	360	1	1	1	0	0	2	0	0	0	1	1	0	5	1	0	0	1	0
2	2	4	1	1	34	0	0	0	360	1	1	1	0	0	2	0	0	0	1	1	0	2	0	0	0	1	0
2	2	4	1	1	51	0	0	0	365	1	1	1	0	0	2	0	0	0	1	1	0	3	0	0	0	0	0
2	2	4	5	0	62	0	0	0	370	1	1	1	0	0	1	0	0	0	1	1	0	4	0	0	0	1	0
3	3	4	2	0	61	0	0	0	372	1	1	1	1	0	1	0	1	0	1	1	0	3	0	0	0	1	0
2	2	4	1	1	74	1	0	0	380	1	1	1	0	0	2	0	0	0	1	1	0	3	0	0	0	0	0
2	2	4	1	1	36	0	0	0	380	1	1	1	0	0	2	0	0	0	1	1	0	4	0	0	0	0	0
2	2	4	1	1	44	0	0	0	383	1	1	1	0	0	2	0	0	0	1	1	0	4	0	0	0	1	0
2	2	4	1	1	60	0	0	0	385	1	1	1	0	0	2	0	0	0	1	1	0	4	0	0	0	0	0
2	2	4	1	1	18	0	0	0	385	1	1	1	0	0	1	0	0	0	1	1	0	3	0	0	0	1	0
2	2	4	1	1	47	0	0	0	390	1	1	1	0	0	1	0	0	0	1	1	0	4	0	0	0	1	0
2	2	4	1	1	59	0	0	0	392	1	1	1	0	0	2	0	0	0	1	1	0	3	0	0	0	1	0
2	2	4	1	1	36	0	0	0	393	1	1	1	0	0	2	0	0	0	1	1	0	3	0	0	0	2	0
2	2	4	1	1	34	0	0	0	395	1	1	1	0	0	1	0	1	0	1	1	0	3	0	0	0	1	0
2	2	4	1	1	39	0	0	0	395	1	1	1	0	0	1	0	0	0	1	1	0	3	0	0	0	1	0
2	2	4	3	0	34	0	0	0	395	1	1	1	0	0	1	0	0	0	1	1	0	2	0	0	0	1	0
2	2	4	1	1	33	0	0	0	400	1	1	1	1	0	1	0	0	0	1	1	0	3	0	0	0	1	0
2	2	4	1	1	47	0	0	0	400	1	1	1	1	0	1	0	0	0	1	1	0	4	0	0	0	1	0
2	2	4	1	1	37	0	0	0	400	1	1	1	1	0	2	0	0	0	1	1	0	2	0	0	0	1	0
2	2	4	2	0	25	0	0	0	400	1	1	1	0	0	1	0	0	0	1	1	0	4	0	0	0	1	0
2	2	4	1	1	44	0	0	0	400	1	1	1	0	0	2	0	0	0	1	1	0	3	0	0	0	1	0
2	2	4	1	1	41	0	0	0	405	1	1	1	0	0	1	0	0	0	1	1	0	4	0	0	0	1	0
2	2	4	1	1	40	0	0	0	405	1	1	1	0	0	1	0	0	0	1	1	0	3	0	0	0	1	0
2	2	4	1	1	34	0	0	0	410	1	1	1	1	0	1	0	0	0	1	1	0	3	0	0	0	1	0
2	2	4	1	1	25	0	0	0	415	1	1	1	0	0	1	0	0	0	1	1	0	3	0	0	0	2	0
2	2	4	2	0	33	0	0	0	420	1	1	1	1	0	1	0	0	0	1	1	0	4	0	0	0	1	0
2	2	4	1	1	40	0	0	0	420	1	1	1	0	0	1	0	0	0	1	1	0	3	0	0	0	1	0
2	2	4	1	1	17	0	0	0	425	1	1	1	0	0	1	0	0	0	1	1	0	3	0	0	0	1	0
2	2	4	1	1	52	0	0	0	429	1	1	1	0	0	1	0	0	0	1	1	0	3	0	0	0	1	0
2	2	4	1	1	31	0	0	0	433	1	1	1	0	0	1	0	0	0	1	1	0	4	0	0	0	1	0
2	2	4	2	0	61	0	0	0	440	1	1	1	1	0	1	0	0	0	1	1	0	4	0	0	0	1	0
2	2	4	2	0	46	0	0	0	440	1	1	1	0	0	1	0	0	0	1	1	0	3	0	0	0	1	0
2	2	4	1	1	43	0	0	0	442	1	1	1	0	0	2	0	0	0	1	1	0	3	0	0	0	0	0
2	2	4	2	0	29	0	0	0	453	1	1	1	0	0	2	0	0	0	1	1	0	3	0	0	0	0	0
2	2	4	1	1	31	0	0	0	456	1	1	1	0	0	1	0	1	0	1	1	0	3	0	0	0	1	0
2	2	4	2	0	29	0	0	0	457	1	1	1	0	0	1	0	0	0	1	1	0	3	0	0	0	1	0
2	2	4	1	1	41	0	0	0	459	1	1	1	0	0	1	0	0	0	1	1	0	3	0	0	0	1	0
2	2	4	1	1	31	0	0	0	460	1	1	1	1	0	2	0	0	0	1	1	0	4	0	0	0	1	0
2	2	4	1	1	40	0	0	0	460	1	1	1	0	0	2	0	0	0	1	1	0	4	0	0	0	1	0
2	2	4	2	0	37	0	0	0	462	1	1	1	0	0	1	0	0	0	1	1	0	3	0	0	0	1	0
2	2	4	1	1	38	0	0	0	462	1	1	1	0	0	2	0	0	0	1	1	0	4	0	0	0	1	0
2	2	4	1	1	24	0	0	0	466	1	1	1	0	0	1	0	0	0	1	1	0	3	0	0	0	2	0
2	2	4	1	1	44	0	0	0	473	1	1	1	0	0	1	0	0	0	1	1	0	3	0	0	0	1	0
3	3	4	1	1	31	0	0	0	480	1	1	1	0	0	1	0	0	0	1	1	0	3	0	0	0	0	0
2	2	4	1	1	39	0	0	0	510	1	1	1	0	0	2	0	1	0	1	1	0	3	0	0	0	1	0
2	2	4	2	0	38	0	0	0	515	1	1	1	0	0	1	0	1	0	1	1	0	4	0	0	0	0	0
2	2	4	1	1	65	0	0	0	520	1	1	1	0	0	2	0	0	0	1	1	0	3	0	0	0	1	0
2	2	4	1	1	21	0	0	0	529	1	1	1	0	0	1	0	0	0	1	2	1	10	1	0	0	1	0
2	2	4	1	1	53	0	0	0	544	1	1	1	0	0	2	0	0	0	1	1	0	4	0	0	0	1	0
2	2	4	1	1	45	0	0	0	548	1	1	1	0	0	1	0	0	0	1	1	0	2	0	0	0	1	0
2	2	4	1	1	32	0	0	0	570	1	1	1	0	0	2	0	0	0	1	1	0	4	0	0	0	1	0
1	1	5	3	0	41	0	0	0	53	0	4	0	1	0	1	0	0	0	0	1	0	2	0	0	0	0	0
2	2	5	1	1	52	0	0	0	63	0	4	0	0	0	2	0	0	0	0	1	0	2	0	0	0	0	0
1	1	5	1	1	28	0	0	0	73	0	4	0	0	0	1	0	0	0	0	1	0	2	0	0	0	1	0
2	2	5	1	1	91	1	0	0	75	0	4	0	0	1	2	0	0	0	0	1	0	2	0	0	0	0	0
1	1	5	1	1	28	0	0	0	90	0	4	0	0	0	1	0	0	0	0	1	0	2	0	0	0	0	0
1	1	5	1	1	16	0	0	0	94	0	4	0	0	0	1	0	0	0	0	1	0	2	0	0	0	1	0
2	2	5	4	0	75	1	0	0	100	0	4	0	0	0	1	0	0	0	0	1	0	2	0	0	0	0	0
3	3	5	1	1	24	0	0	0	105	0	4	0	1	0	1	0	0	0	1	1	0	2	0	0	0	0	0
3	3	5	3	0	49	0	0	0	106	0	4	0	1	0	1	0	0	0	1	1	0	2	0	0	0	0	0
3	3	5	1	1	17	0	0	0	113	0	4	0	1	0	1	0	0	0	1	1	0	2	0	0	0	1	0
1	1	5	1	1	27	0	0	0	120	0	4	0	0	1	1	0	0	0	0	1	0	2	0	0	0	1	0
3	3	5	3	0	68	0	0	0	121	1	4	0	0	1	2	0	0	0	1	1	0	2	0	0	0	5	0
1	1	5	2	0	24	0	0	0	125	1	4	0	0	0	1	0	0	0	1	1	0	2	0	0	0	0	0
1	1	5	1	1	35	0	0	0	126	1	4	0	0	0	1	0	0	0	1	1	0	2	0	0	0	1	0
2	2	5	3	0	39	0	0	0	127	1	4	0	0	1	1	0	0	0	1	1	0	2	0	0	0	0	0
1	1	5	3	0	69	0	0	0	129	1	4	0	0	0	2	0	0	0	1	1	0	2	0	0	0	1	0
1	1	5	1	1	28	0	0	0	134	1	4	0	0	0	1	0	0	0	0	1	0	2	0	0	0	1	0
2	2	5	2	0	80	1	0	0	137	1	4	0	0	0	2	0	0	0	0	1	0	2	0	0	0	0	0
1	1	5	1	1	40	0	0	0	137	1	4	0	0	0	1	0	0	0	1	1	0	2	0	0	0	1	0
1	1	5	2	0	49	0	0	0	139	1	4	0	0	0	1	0	0	0	0	1	0	2	0	0	0	1	0
1	1	5	2	0	24	0	0	0	140	1	4	0	1	0	1	0	0	0	1	1	0	2	0	0	0	0	0
3	3	5	1	1	23	0	0	0	145	1	4	0	0	0	1	0	0	0	1	1	0	2	0	0	0	0	0
3	3	5	3	0	60	0	0	0	146	1	4	0	1	0	1	0	0	0	1	1	0	2	0	0	0	0	0
2	2	5	1	1	34	0	0	0	148	1	4	0	0	0	1	0	0	0	0	1	0	2	0	0	0	1	0
2	2	5	1	1	44	0	0	0	151	1	4	0	0	0	1	0	0	0	0	1	0	2	0	0	0	1	0
2	2	5	1	1	65	0	0	0	154	1	4	0	0	0	1	0	0	0	1	1	0	2	0	0	0	0	0
3	3	5	1	1	28	0	0	0	160	1	4	0	0	1	2	0	0	0	1	1	0	2	0	0	0	1	0
2	2	5	2	0	34	0	0	0	164	1	4	0	0	0	1	0	0	0	1	1	0	2	0	0	0	1	0
3	3	5	3	0	52	0	0	0	174	1	4	0	1	0	2	0	0	0	1	1	0	2	0	0	0	0	0
1	1	5	1	1	51	0	0	0	175	1	4	0	1	0	1	0	0	0	1	1	0	2	0	0	0	0	0
1	1	5	2	0	69	0	0	0	180	1	4	0	0	0	2	0	0	0	1	1	0	2	0	0	0	1	0
2	2	5	1	1	38	0	0	0	182	1	4	0	1	0	1	0	0	0	1	1	0	2	0	0	0	1	0
1	1	5	1	1	50	0	0	0	185	1	4	0	1	0	1	0	0	0	1	1	0	2	0	0	0	1	0
1	1	5	1	1	56	0	0	0	187	1	4	0	1	0	1	0	0	0	1	1	0	2	0	0	0	1	0
1	1	5	1	1	17	0	0	0	188	1	4	0	0	0	1	0	0	0	1	1	0	2	0	0	0	1	0
1	1	5	1	1	62	0	0	0	191	1	4	0	1	0	2	0	0	0	1	1	0	2	0	0	0	1	0
1	1	5	1	1	38	0	0	0	195	1	4	0	0	0	1	0	0	0	1	1	0	2	0	0	0	1	0
1	1	5	1	1	38	0	0	0	200	1	4	0	1	0	2	0	1	0	1	1	0	2	0	0	0	1	0
1	1	5	1	1	52	0	0	0	203	1	4	0	1	0	1	0	0	0	1	1	0	2	0	0	0	1	0
1	1	5	1	1	52	0	0	0	203	1	4	0	1	0	1	0	0	0	1	1	0	2	0	0	0	1	0
1	1	5	1	1	47	0	0	0	203	1	4	0	1	0	2	0	0	0	1	1	0	2	0	0	0	1	0
1	1	5	1	1	67	0	0	0	204	1	4	0	1	0	2	0	0	0	1	1	0	2	0	0	0	1	0
1	1	5	2	0	41	0	0	0	206	1	4	0	1	0	1	0	0	0	1	1	0	2	0	0	0	0	0
2	2	5	1	1	44	0	0	0	210	1	4	0	0	0	2	0	0	0	1	1	0	2	0	0	0	1	0
1	1	5	1	1	44	0	0	0	215	1	4	0	1	0	1	0	0	0	1	1	0	2	0	0	0	1	0
2	2	5	1	1	35	0	0	0	215	1	4	0	0	0	1	0	0	0	1	1	0	2	0	0	0	2	0
2	2	5	1	1	24	0	0	0	215	1	4	0	0	0	1	0	0	0	1	1	0	2	0	0	0	2	0
1	1	5	1	1	28	0	0	0	223	1	4	0	0	0	1	0	0	0	1	1	0	2	0	0	0	1	0
2	2	5	3	0	40	0	0	0	225	1	4	0	1	0	2	0	0	0	1	1	0	2	0	0	0	1	0
1	1	5	1	1	32	0	0	0	232	1	4	0	1	0	1	0	0	0	1	1	0	2	0	0	0	1	0
1	1	5	1	1	44	0	0	0	260	1	4	0	1	0	1	0	0	0	1	1	0	2	0	0	0	1	0
1	1	5	1	1	60	0	0	0	314	1	4	0	1	0	1	0	0	0	1	1	0	2	0	0	0	1	0
1	1	5	1	1	16	0	0	0	39	0	2	0	0	0	1	0	0	0	1	1	0	2	0	0	0	0	0
2	2	5	1	1	47	0	4	0	75	0	2	0	1	0	2	0	0	0	1	1	0	2	0	0	0	8	0
2	2	5	1	1	79	1	0	0	79	0	2	0	0	0	2	0	0	0	1	1	0	2	0	0	0	0	0
1	1	5	1	1	51	0	0	0	105	0	2	0	0	0	2	0	0	0	1	1	0	2	0	0	0	0	0
1	1	5	1	1	7	0	0	0	110	0	2	0	1	0	1	0	0	0	1	1	0	2	0	0	0	0	0
1	1	5	1	1	42	0	0	0	145	1	2	0	1	0	2	0	0	0	2	1	0	2	0	0	0	1	0
3	3	5	1	1	21	0	0	0	155	1	2	0	1	0	2	0	0	0	2	1	0	2	0	0	0	1	0
1	1	5	1	1	56	0	0	0	180	1	2	0	0	0	1	0	0	0	2	1	0	2	0	0	0	1	0
3	3	5	1	1	24	0	0	0	190	1	2	0	0	0	1	0	0	0	2	1	0	2	0	0	0	0	0
1	1	5	1	1	63	0	0	0	190	1	2	0	0	0	1	0	0	0	2	1	0	2	0	0	0	1	0
2	2	5	3	0	55	0	0	0	194	1	2	0	0	0	1	0	0	0	2	1	0	2	0	0	0	1	0
1	1	5	2	0	67	0	0	0	214	1	2	0	1	0	2	0	0	0	2	1	0	2	0	0	0	1	0
2	2	5	4	0	41	0	0	0	75	0	1	1	0	0	1	0	0	0	0	1	0	2	0	0	0	0	0
2	2	5	1	1	20	0	0	0	80	0	1	1	0	0	1	0	0	0	0	1	0	2	0	0	0	1	0
3	3	5	1	1	26	0	0	0	81	0	1	1	0	0	1	0	0	0	0	1	0	2	0	0	0	0	0
1	1	5	1	1	30	0	9	1	82	0	1	1	0	0	1	0	0	0	0	1	0	2	0	0	0	1	0
2	2	5	1	1	62	0	0	0	93	0	1	1	1	0	1	0	0	0	0	1	0	2	0	0	0	0	0
2	2	5	1	1	35	0	0	0	99	0	1	1	0	0	1	0	0	0	0	1	0	2	0	0	0	1	0
1	1	5	1	1	32	0	0	0	120	0	1	1	0	0	1	0	0	0	0	1	0	2	0	0	0	1	0
1	1	5	1	1	38	0	0	0	130	1	1	1	1	0	2	0	0	0	0	1	0	2	0	0	0	1	0
1	1	5	1	1	51	0	0	0	136	1	1	1	0	0	1	0	0	0	1	1	0	2	0	0	0	1	0
1	1	5	2	0	79	1	0	0	145	1	1	1	0	0	2	0	0	0	1	1	0	2	0	0	0	1	0
1	1	5	1	1	46	0	0	0	155	1	1	1	0	0	1	0	0	0	1	1	0	2	0	0	0	1	0
2	2	5	1	1	46	0	0	0	157	1	1	1	0	0	1	0	0	0	0	1	0	2	0	0	0	1	0
1	1	5	1	1	20	0	0	0	190	1	1	1	0	0	1	0	0	0	1	1	0	2	0	0	0	1	0
1	1	5	1	1	45	0	0	0	200	1	1	1	0	0	1	0	0	0	1	1	0	2	0	0	0	1	0
1	1	5	1	1	49	0	0	0	203	1	1	1	1	0	2	0	0	0	1	1	0	2	0	0	0	1	0
